  1           1      300000  4.2800E-02  1.4267E-07
  1          11       27272  3.9840E-03  1.3280E-08
  1          21       14285  2.1801E-03  7.2674E-09
  1          31        9677  1.5080E-03  5.0269E-09
  1          41        7317  1.1101E-03  3.7003E-09
  1          51        5882  9.0504E-04  3.0170E-09
  1          61        4918  7.5698E-04  2.5233E-09
  1          71        4225  6.6209E-04  2.2071E-09
  1          81        3703  6.0797E-04  2.0269E-09
  1          91        3296  5.1594E-04  1.7202E-09
  1         101        2970  5.1093E-04  1.7033E-09
  1         111        2702  4.3893E-04  1.4635E-09
  1         121        2479  4.2796E-04  1.4267E-09
  1         131        2290  3.9387E-04  1.3129E-09
  1         141        2127  3.6001E-04  1.2004E-09
  1         151        1986  3.6693E-04  1.2236E-09
  1         161        1863  3.3402E-04  1.1136E-09
  1         171        1754  3.0899E-04  1.0302E-09
  1         181        1657  3.1996E-04  1.0668E-09
  1         191        1570  3.1304E-04  1.0439E-09
  1         201        1492  2.9397E-04  9.8025E-10
  1         211        1421  2.8801E-04  9.6057E-10
  1         221        1357  2.7514E-04  9.1743E-10
  1         231        1298  2.6798E-04  8.9376E-10
  1         241        1244  2.5797E-04  8.6046E-10
  1         251        1195  2.5606E-04  8.5370E-10
  1         261        1149  2.4700E-04  8.2364E-10
  1         271        1107  2.4080E-04  8.0268E-10
  1         281        1067  2.3293E-04  7.7690E-10
  1         291        1030  2.3293E-04  7.7715E-10
  2           1      300000  1.9695E+00  6.5651E-06
  2          11       27272  1.6640E-01  5.5468E-07
  2          21       14285  8.7181E-02  2.9062E-07
  2          31        9677  5.9054E-02  1.9686E-07
  2          41        7317  4.4872E-02  1.4957E-07
  2          51        5882  3.6053E-02  1.2018E-07
  2          61        4918  3.0195E-02  1.0065E-07
  2          71        4225  2.5993E-02  8.6650E-08
  2          81        3703  2.2410E-02  7.4714E-08
  2          91        3296  2.0134E-02  6.7128E-08
  2         101        2970  1.8058E-02  6.0200E-08
  2         111        2702  1.6532E-02  5.5121E-08
  2         121        2479  1.5283E-02  5.0951E-08
  2         131        2290  1.4151E-02  4.7171E-08
  2         141        2127  1.3212E-02  4.4054E-08
  2         151        1986  1.2261E-02  4.0885E-08
  2         161        1863  1.1505E-02  3.8357E-08
  2         171        1754  1.0871E-02  3.6244E-08
  2         181        1657  1.0271E-02  3.4246E-08
  2         191        1570  9.7339E-03  3.2460E-08
  2         201        1492  9.2731E-03  3.0921E-08
  2         211        1421  8.7941E-03  2.9330E-08
  2         221        1357  8.4500E-03  2.8176E-08
  2         231        1298  8.0621E-03  2.6888E-08
  2         241        1244  7.7469E-03  2.5840E-08
  2         251        1195  7.4499E-03  2.4837E-08
  2         261        1149  7.1440E-03  2.3822E-08
  2         271        1107  6.8829E-03  2.2943E-08
  2         281        1067  6.6681E-03  2.2240E-08
  2         291        1030  6.4051E-03  2.1370E-08
  3           1      300000  3.2337E+00  1.0779E-05
  3          11       27272  2.5786E-01  8.5957E-07
  3          21       14285  1.3594E-01  4.5316E-07
  3          31        9677  9.2145E-02  3.0716E-07
  3          41        7317  6.9691E-02  2.3231E-07
  3          51        5882  5.6438E-02  1.8814E-07
  3          61        4918  4.7435E-02  1.5812E-07
  3          71        4225  4.0233E-02  1.3412E-07
  3          81        3703  3.5332E-02  1.1780E-07
  3          91        3296  3.1497E-02  1.0501E-07
  3         101        2970  2.8317E-02  9.4399E-08
  3         111        2702  2.5799E-02  8.6019E-08
  3         121        2479  2.3650E-02  7.8845E-08
  3         131        2290  2.1874E-02  7.2916E-08
  3         141        2127  2.0325E-02  6.7771E-08
  3         151        1986  1.8937E-02  6.3147E-08
  3         161        1863  1.7612E-02  5.8718E-08
  3         171        1754  1.6684E-02  5.5626E-08
  3         181        1657  1.5769E-02  5.2578E-08
  3         191        1570  1.5090E-02  5.0322E-08
  3         201        1492  1.4278E-02  4.7610E-08
  3         211        1421  1.3647E-02  4.5515E-08
  3         221        1357  1.2986E-02  4.3301E-08
  3         231        1298  1.2531E-02  4.1792E-08
  3         241        1244  1.1934E-02  3.9806E-08
  3         251        1195  1.1467E-02  3.8230E-08
  3         261        1149  1.1068E-02  3.6907E-08
  3         271        1107  1.0658E-02  3.5526E-08
  3         281        1067  1.0257E-02  3.4210E-08
  3         291        1030  9.9289E-03  3.3126E-08
  4           1      300000  4.2970E+00  1.4323E-05
  4          11       27272  3.5135E-01  1.1712E-06
  4          21       14285  4.0176E-01  1.3393E-06
  4          31        9677  1.2475E-01  4.1584E-07
  4          41        7317  9.3790E-02  3.1264E-07
  4          51        5882  7.5355E-02  2.5120E-07
  4          61        4918  6.3082E-02  2.1027E-07
  4          71        4225  5.4687E-02  1.8231E-07
  4          81        3703  4.8237E-02  1.6082E-07
  4          91        3296  4.2206E-02  1.4072E-07
  4         101        2970  3.8181E-02  1.2728E-07
  4         111        2702  3.4735E-02  1.1581E-07
  4         121        2479  3.1943E-02  1.0649E-07
  4         131        2290  2.9556E-02  9.8523E-08
  4         141        2127  2.7470E-02  9.1595E-08
  4         151        1986  2.5539E-02  8.5163E-08
  4         161        1863  2.4361E-02  8.1218E-08
  4         171        1754  2.3232E-02  7.7457E-08
  4         181        1657  2.2373E-02  7.4597E-08
  4         191        1570  2.0921E-02  6.9767E-08
  4         201        1492  1.9370E-02  6.4590E-08
  4         211        1421  1.8495E-02  6.1684E-08
  4         221        1357  1.7551E-02  5.8524E-08
  4         231        1298  1.6791E-02  5.6000E-08
  4         241        1244  1.6093E-02  5.3678E-08
  4         251        1195  1.5529E-02  5.1773E-08
  4         261        1149  1.4930E-02  4.9785E-08
  4         271        1107  1.4319E-02  4.7730E-08
  4         281        1067  1.3835E-02  4.6144E-08
  4         291        1030  1.3346E-02  4.4527E-08
  5           1      300000  5.5831E+00  1.8610E-05
  5          11       27272  4.4402E-01  1.4801E-06
  5          21       14285  2.3393E-01  7.7982E-07
  5          31        9677  1.5852E-01  5.2842E-07
  5          41        7317  1.1977E-01  3.9922E-07
  5          51        5882  9.6298E-02  3.2101E-07
  5          61        4918  8.1088E-02  2.7029E-07
  5          71        4225  6.9952E-02  2.3319E-07
  5          81        3703  6.0605E-02  2.0206E-07
  5          91        3296  5.3797E-02  1.7936E-07
  5         101        2970  4.8487E-02  1.6164E-07
  5         111        2702  4.4029E-02  1.4680E-07
  5         121        2479  4.1351E-02  1.3785E-07
  5         131        2290  3.8416E-02  1.2806E-07
  5         141        2127  3.4781E-02  1.1597E-07
  5         151        1986  2.5140E-01  8.3832E-07
  5         161        1863  3.0863E-02  1.0290E-07
  5         171        1754  2.8838E-02  9.6148E-08
  5         181        1657  2.7216E-02  9.0745E-08
  5         191        1570  2.5706E-02  8.5724E-08
  5         201        1492  2.4276E-02  8.0949E-08
  5         211        1421  2.3326E-02  7.7797E-08
  5         221        1357  2.2274E-02  7.4272E-08
  5         231        1298  2.1433E-02  7.1482E-08
  5         241        1244  2.0542E-02  6.8518E-08
  5         251        1195  1.9680E-02  6.5612E-08
  5         261        1149  1.8920E-02  6.3090E-08
  5         271        1107  1.9008E-02  6.3360E-08
  5         281        1067  1.7962E-02  5.9908E-08
  5         291        1030  1.7381E-02  5.7989E-08
  6           1      300000  1.1483E+01  3.8277E-05
  6          11       27272  1.1478E+00  3.8261E-06
  6          21       14285  5.0040E-01  1.6681E-06
  6          31        9677  3.3791E-01  1.1264E-06
  6          41        7317  2.5650E-01  8.5500E-07
  6          51        5882  2.0489E-01  6.8300E-07
  6          61        4918  1.7212E-01  5.7374E-07
  6          71        4225  3.4514E-01  1.1506E-06
  6          81        3703  1.2935E-01  4.3126E-07
  6          91        3296  1.1662E-01  3.8881E-07
  6         101        2970  1.0336E-01  3.4456E-07
  6         111        2702  9.4298E-02  3.1441E-07
  6         121        2479  8.8171E-02  2.9394E-07
  6         131        2290  8.0073E-02  2.6692E-07
  6         141        2127  7.3819E-02  2.4614E-07
  6         151        1986  6.9032E-02  2.3019E-07
  6         161        1863  6.6466E-02  2.2160E-07
  6         171        1754  6.1368E-02  2.0460E-07
  6         181        1657  5.7692E-02  1.9236E-07
  6         191        1570  5.4807E-02  1.8277E-07
  6         201        1492  5.1941E-02  1.7320E-07
  6         211        1421  4.9809E-02  1.6612E-07
  6         221        1357  4.8959E-02  1.6325E-07
  6         231        1298  4.5636E-02  1.5220E-07
  6         241        1244  4.3980E-02  1.4670E-07
  6         251        1195  4.2002E-02  1.4003E-07
  6         261        1149  4.0339E-02  1.3451E-07
  6         271        1107  3.8910E-02  1.2970E-07
  6         281        1067  3.7485E-02  1.2502E-07
  6         291        1030  3.7139E-02  1.2391E-07
  7           1      300000  1.4027E+01  4.6755E-05
  7          11       27272  1.3611E+00  4.5372E-06
  7          21       14285  5.8940E-01  1.9648E-06
  7          31        9677  3.9992E-01  1.3331E-06
  7          41        7317  3.0258E-01  1.0086E-06
  7          51        5882  2.4251E-01  8.0841E-07
  7          61        4918  2.0222E-01  6.7408E-07
  7          71        4225  4.0540E-01  1.3515E-06
  7          81        3703  1.5329E-01  5.1108E-07
  7          91        3296  1.3515E-01  4.5059E-07
  7         101        2970  1.2478E-01  4.1597E-07
  7         111        2702  1.1088E-01  3.6969E-07
  7         121        2479  1.0274E-01  3.4253E-07
  7         131        2290  9.5253E-02  3.1752E-07
  7         141        2127  8.7203E-02  2.9077E-07
  7         151        1986  8.1405E-02  2.7145E-07
  7         161        1863  7.8394E-02  2.6136E-07
  7         171        1754  7.2150E-02  2.4055E-07
  7         181        1657  6.8180E-02  2.2733E-07
  7         191        1570  6.5747E-02  2.1925E-07
  7         201        1492  6.4330E-02  2.1451E-07
  7         211        1421  6.0456E-02  2.0163E-07
  7         221        1357  5.6092E-02  1.8704E-07
  7         231        1298  5.3649E-02  1.7893E-07
  7         241        1244  5.1408E-02  1.7147E-07
  7         251        1195  4.9020E-02  1.6343E-07
  7         261        1149  4.8926E-02  1.6315E-07
  7         271        1107  4.6784E-02  1.5595E-07
  7         281        1067  4.3819E-02  1.4615E-07
  7         291        1030  4.2399E-02  1.4146E-07
  8           1      300000  1.6233E+01  5.4109E-05
  8          11       27272  1.5525E+00  5.1752E-06
  8          21       14285  6.7848E-01  2.2617E-06
  8          31        9677  4.5730E-01  1.5244E-06
  8          41        7317  6.1096E-01  2.0366E-06
  8          51        5882  2.8009E-01  9.3370E-07
  8          61        4918  2.3494E-01  7.8315E-07
  8          71        4225  2.0041E-01  6.6807E-07
  8          81        3703  1.7579E-01  5.8608E-07
  8          91        3296  1.5731E-01  5.2448E-07
  8         101        2970  1.4047E-01  4.6827E-07
  8         111        2702  1.2703E-01  4.2356E-07
  8         121        2479  1.1993E-01  3.9981E-07
  8         131        2290  3.6477E-01  1.2160E-06
  8         141        2127  1.0040E-01  3.3479E-07
  8         151        1986  9.7008E-02  3.2348E-07
  8         161        1863  8.7697E-02  2.9238E-07
  8         171        1754  8.2741E-02  2.7586E-07
  8         181        1657  7.8093E-02  2.6038E-07
  8         191        1570  7.6520E-02  2.5518E-07
  8         201        1492  7.0445E-02  2.3490E-07
  8         211        1421  6.6945E-02  2.2328E-07
  8         221        1357  6.4208E-02  2.1410E-07
  8         231        1298  6.3647E-02  2.1227E-07
  8         241        1244  6.1753E-02  2.0598E-07
  8         251        1195  5.6208E-02  1.8739E-07
  8         261        1149  5.4137E-02  1.8052E-07
  8         271        1107  5.2317E-02  1.7439E-07
  8         281        1067  5.0350E-02  1.6793E-07
  8         291        1030  5.0598E-02  1.6881E-07
  9           1      300000  1.7927E+01  5.9757E-05
  9          11       27272  1.4659E+00  4.8864E-06
  9          21       14285  9.6212E-01  3.2072E-06
  9          31        9677  5.1773E-01  1.7259E-06
  9          41        7317  3.9306E-01  1.3102E-06
  9          51        5882  3.1696E-01  1.0566E-06
  9          61        4918  4.6112E-01  1.5371E-06
  9          71        4225  2.2775E-01  7.5922E-07
  9          81        3703  1.9799E-01  6.6009E-07
  9          91        3296  1.7873E-01  5.9590E-07
  9         101        2970  1.5899E-01  5.3003E-07
  9         111        2702  1.4513E-01  4.8388E-07
  9         121        2479  1.3229E-01  4.4103E-07
  9         131        2290  1.2494E-01  4.1647E-07
  9         141        2127  1.1326E-01  3.7766E-07
  9         151        1986  1.0714E-01  3.5726E-07
  9         161        1863  9.9781E-02  3.3267E-07
  9         171        1754  9.3811E-02  3.1277E-07
  9         181        1657  8.8411E-02  2.9478E-07
  9         191        1570  2.8514E-01  9.5088E-07
  9         201        1492  8.3665E-02  2.7898E-07
  9         211        1421  7.5699E-02  2.5247E-07
  9         221        1357  7.2709E-02  2.4245E-07
  9         231        1298  6.9835E-02  2.3291E-07
  9         241        1244  6.8448E-02  2.2831E-07
  9         251        1195  6.4863E-02  2.1625E-07
  9         261        1149  6.1077E-02  2.0367E-07
  9         271        1107  5.9232E-02  1.9744E-07
  9         281        1067  5.6870E-02  1.8968E-07
  9         291        1030  5.6690E-02  1.8914E-07
 10           1      300000  2.0898E+01  6.9661E-05
 10          11       27272  1.9169E+00  6.3897E-06
 10          21       14285  8.8836E-01  2.9614E-06
 10          31        9677  6.0361E-01  2.0121E-06
 10          41        7317  6.7867E-01  2.2623E-06
 10          51        5882  3.6253E-01  1.2085E-06
 10          61        4918  3.0217E-01  1.0072E-06
 10          71        4225  2.6374E-01  8.7921E-07
 10          81        3703  2.3163E-01  7.7224E-07
 10          91        3296  2.0505E-01  6.8364E-07
 10         101        2970  4.0198E-01  1.3401E-06
 10         111        2702  1.6625E-01  5.5430E-07
 10         121        2479  1.5695E-01  5.2323E-07
 10         131        2290  1.4113E-01  4.7045E-07
 10         141        2127  1.3413E-01  4.4723E-07
 10         151        1986  1.2189E-01  4.0644E-07
 10         161        1863  1.1699E-01  3.9004E-07
 10         171        1754  1.0901E-01  3.6345E-07
 10         181        1657  1.0186E-01  3.3962E-07
 10         191        1570  1.0237E-01  3.4136E-07
 10         201        1492  9.2014E-02  3.0682E-07
 10         211        1421  8.6846E-02  2.8965E-07
 10         221        1357  8.3420E-02  2.7816E-07
 10         231        1298  8.3771E-02  2.7939E-07
 10         241        1244  7.6832E-02  2.5627E-07
 10         251        1195  7.3982E-02  2.4665E-07
 10         261        1149  7.1109E-02  2.3712E-07
 10         271        1107  2.9195E-01  9.7317E-07
 10         281        1067  6.8631E-02  2.2890E-07
 10         291        1030  6.3361E-02  2.1139E-07
 11           1      300000  2.3435E+01  7.8117E-05
 11          11       27272  2.1287E+00  7.0958E-06
 11          21       14285  9.8924E-01  3.2976E-06
 11          31        9677  9.0802E-01  3.0269E-06
 11          41        7317  5.0376E-01  1.6792E-06
 11          51        5882  4.0716E-01  1.3573E-06
 11          61        4918  3.3902E-01  1.1301E-06
 11          71        4225  2.9211E-01  9.7378E-07
 11          81        3703  4.9567E-01  1.6526E-06
 11          91        3296  2.2769E-01  7.5914E-07
 11         101        2970  2.0816E-01  6.9394E-07
 11         111        2702  1.8633E-01  6.2125E-07
 11         121        2479  1.7040E-01  5.6807E-07
 11         131        2290  1.6070E-01  5.3570E-07
 11         141        2127  1.4538E-01  4.8474E-07
 11         151        1986  1.3884E-01  4.6299E-07
 11         161        1863  1.2791E-01  4.2644E-07
 11         171        1754  1.1945E-01  3.9827E-07
 11         181        1657  1.2160E-01  4.0545E-07
 11         191        1570  3.5102E-01  1.1706E-06
 11         201        1492  1.0266E-01  3.4231E-07
 11         211        1421  9.8545E-02  3.2867E-07
 11         221        1357  9.7719E-02  3.2584E-07
 11         231        1298  8.9032E-02  2.9693E-07
 11         241        1244  8.4940E-02  2.8332E-07
 11         251        1195  8.5399E-02  2.8472E-07
 11         261        1149  7.9442E-02  2.6490E-07
 11         271        1107  7.5691E-02  2.5231E-07
 11         281        1067  7.2750E-02  2.4264E-07
 11         291        1030  7.5984E-02  2.5351E-07
 12           1      300000  2.6019E+01  8.6728E-05
 12          11       27272  2.5955E+00  8.6520E-06
 12          21       14285  1.0890E+00  3.6301E-06
 12          31        9677  1.0023E+00  3.3412E-06
 12          41        7317  5.5777E-01  1.8593E-06
 12          51        5882  4.4550E-01  1.4851E-06
 12          61        4918  3.7373E-01  1.2458E-06
 12          71        4225  3.2404E-01  1.0802E-06
 12          81        3703  5.4512E-01  1.8174E-06
 12          91        3296  2.5314E-01  8.4399E-07
 12         101        2970  2.2629E-01  7.5437E-07
 12         111        2702  2.0408E-01  6.8045E-07
 12         121        2479  1.9346E-01  6.4495E-07
 12         131        2290  1.7198E-01  5.7328E-07
 12         141        2127  1.6521E-01  5.5088E-07
 12         151        1986  1.5043E-01  5.0164E-07
 12         161        1863  1.4490E-01  4.8309E-07
 12         171        1754  3.9595E-01  1.3201E-06
 12         181        1657  1.2364E-01  4.1226E-07
 12         191        1570  1.2138E-01  4.0477E-07
 12         201        1492  1.1292E-01  3.7653E-07
 12         211        1421  1.0951E-01  3.6525E-07
 12         221        1357  1.0430E-01  3.4778E-07
 12         231        1298  9.8053E-02  3.2702E-07
 12         241        1244  9.5696E-02  3.1920E-07
 12         251        1195  9.2081E-02  3.0699E-07
 12         261        1149  8.6671E-02  2.8901E-07
 12         271        1107  8.2772E-02  2.7591E-07
 12         281        1067  8.5113E-02  2.8387E-07
 12         291        1030  7.8047E-02  2.6039E-07
 13           1      300000  2.8991E+01  9.6637E-05
 13          11       27272  2.5544E+00  8.5149E-06
 13          21       14285  1.4733E+00  4.9114E-06
 13          31        9677  8.0889E-01  2.6964E-06
 13          41        7317  8.9536E-01  2.9845E-06
 13          51        5882  4.8656E-01  1.6220E-06
 13          61        4918  4.1473E-01  1.3825E-06
 13          71        4225  3.5168E-01  1.1724E-06
 13          81        3703  5.9412E-01  1.9808E-06
 13          91        3296  2.7618E-01  9.2080E-07
 13         101        2970  2.4329E-01  8.1105E-07
 13         111        2702  2.2733E-01  7.5797E-07
 13         121        2479  2.0867E-01  6.9567E-07
 13         131        2290  1.8762E-01  6.2541E-07
 13         141        2127  1.8389E-01  6.1315E-07
 13         151        1986  1.6307E-01  5.4376E-07
 13         161        1863  1.5873E-01  5.2919E-07
 13         171        1754  4.2850E-01  1.4286E-06
 13         181        1657  1.4089E-01  4.6975E-07
 13         191        1570  1.2867E-01  4.2909E-07
 13         201        1492  1.2619E-01  4.2079E-07
 13         211        1421  1.1710E-01  3.9055E-07
 13         221        1357  1.1105E-01  3.7029E-07
 13         231        1298  1.1247E-01  3.7509E-07
 13         241        1244  1.0228E-01  3.4116E-07
 13         251        1195  9.7579E-02  3.2532E-07
 13         261        1149  9.7741E-02  3.2592E-07
 13         271        1107  9.1122E-02  3.0374E-07
 13         281        1067  8.7099E-02  2.9050E-07
 13         291        1030  8.7371E-02  2.9150E-07
 14           1      300000  3.1995E+01  1.0665E-04
 14          11       27272  3.0956E+00  1.0319E-05
 14          21       14285  1.6131E+00  5.3771E-06
 14          31        9677  8.8777E-01  2.9594E-06
 14          41        7317  6.6866E-01  2.2289E-06
 14          51        5882  8.4839E-01  2.8281E-06
 14          61        4918  4.4644E-01  1.4882E-06
 14          71        4225  3.8878E-01  1.2960E-06
 14          81        3703  3.3730E-01  1.1246E-06
 14          91        3296  6.0978E-01  2.0330E-06
 14         101        2970  2.7225E-01  9.0759E-07
 14         111        2702  2.4366E-01  8.1242E-07
 14         121        2479  2.2922E-01  7.6415E-07
 14         131        2290  2.1143E-01  7.0479E-07
 14         141        2127  1.8942E-01  6.3161E-07
 14         151        1986  1.8456E-01  6.1542E-07
 14         161        1863  1.7188E-01  5.7304E-07
 14         171        1754  4.6557E-01  1.5522E-06
 14         181        1657  1.4955E-01  4.9864E-07
 14         191        1570  1.4702E-01  4.9027E-07
 14         201        1492  1.3369E-01  4.4580E-07
 14         211        1421  1.3505E-01  4.5043E-07
 14         221        1357  1.2254E-01  4.0860E-07
 14         231        1298  1.2082E-01  4.0297E-07
 14         241        1244  1.1460E-01  3.8225E-07
 14         251        1195  1.0802E-01  3.6014E-07
 14         261        1149  1.0734E-01  3.5792E-07
 14         271        1107  9.9834E-02  3.3278E-07
 14         281        1067  9.5339E-02  3.1798E-07
 14         291        1030  9.6102E-02  3.2063E-07
 15           1      300000  3.5099E+01  1.1700E-04
 15          11       27272  3.0033E+00  1.0011E-05
 15          21       14285  1.7391E+00  5.7973E-06
 15          31        9677  1.2883E+00  4.2946E-06
 15          41        7317  7.1724E-01  2.3908E-06
 15          51        5882  9.0947E-01  3.0317E-06
 15          61        4918  4.8998E-01  1.6333E-06
 15          71        4225  4.1378E-01  1.3794E-06
 15          81        3703  3.6194E-01  1.2067E-06
 15          91        3296  3.2359E-01  1.0789E-06
 15         101        2970  6.1965E-01  2.0657E-06
 15         111        2702  2.6525E-01  8.8440E-07
 15         121        2479  2.4497E-01  8.1667E-07
 15         131        2290  2.2460E-01  7.4870E-07
 15         141        2127  2.0733E-01  6.9130E-07
 15         151        1986  1.9795E-01  6.6007E-07
 15         161        1863  1.7810E-01  5.9377E-07
 15         171        1754  1.7510E-01  5.8381E-07
 15         181        1657  4.9540E-01  1.6518E-06
 15         191        1570  1.5243E-01  5.0830E-07
 15         201        1492  1.4953E-01  4.9861E-07
 15         211        1421  1.3989E-01  4.6657E-07
 15         221        1357  1.3014E-01  4.3396E-07
 15         231        1298  1.2943E-01  4.3167E-07
 15         241        1244  1.2034E-01  4.0141E-07
 15         251        1195  1.2160E-01  4.0540E-07
 15         261        1149  1.0986E-01  3.6632E-07
 15         271        1107  1.0686E-01  3.5620E-07
 15         281        1067  1.1215E-01  3.7404E-07
 15         291        1030  9.9409E-02  3.3166E-07
 16           1      300000  3.7876E+01  1.2625E-04
 16          11       27272  3.5975E+00  1.1992E-05
 16          21       14285  1.8660E+00  6.2205E-06
 16          31        9677  1.0303E+00  3.4345E-06
 16          41        7317  1.1193E+00  3.7311E-06
 16          51        5882  6.2564E-01  2.0856E-06
 16          61        4918  8.5583E-01  2.8528E-06
 16          71        4225  4.5235E-01  1.5080E-06
 16          81        3703  3.9136E-01  1.3048E-06
 16          91        3296  3.5141E-01  1.1716E-06
 16         101        2970  3.1378E-01  1.0460E-06
 16         111        2702  6.3861E-01  2.1293E-06
 16         121        2479  2.6354E-01  8.7860E-07
 16         131        2290  2.4539E-01  8.1799E-07
 16         141        2127  2.2974E-01  7.6603E-07
 16         151        1986  2.0639E-01  6.8823E-07
 16         161        1863  2.0573E-01  6.8591E-07
 16         171        1754  1.8249E-01  6.0844E-07
 16         181        1657  1.7917E-01  5.9739E-07
 16         191        1570  5.2328E-01  1.7450E-06
 16         201        1492  1.5566E-01  5.1905E-07
 16         211        1421  1.5448E-01  5.1522E-07
 16         221        1357  1.4085E-01  4.6965E-07
 16         231        1298  1.3862E-01  4.6232E-07
 16         241        1244  1.3117E-01  4.3753E-07
 16         251        1195  1.2310E-01  4.1041E-07
 16         261        1149  1.2705E-01  4.2367E-07
 16         271        1107  1.1503E-01  3.8343E-07
 16         281        1067  1.1556E-01  3.8541E-07
 16         291        1030  1.1052E-01  3.6872E-07
 17           1      300000  4.1463E+01  1.3821E-04
 17          11       27272  3.8210E+00  1.2737E-05
 17          21       14285  1.9855E+00  6.6185E-06
 17          31        9677  1.1092E+00  3.6974E-06
 17          41        7317  1.2010E+00  4.0032E-06
 17          51        5882  6.7227E-01  2.2410E-06
 17          61        4918  9.1736E-01  3.0579E-06
 17          71        4225  4.7758E-01  1.5921E-06
 17          81        3703  4.2912E-01  1.4307E-06
 17          91        3296  3.7590E-01  1.2533E-06
 17         101        2970  3.4094E-01  1.1366E-06
 17         111        2702  6.6534E-01  2.2184E-06
 17         121        2479  2.8504E-01  9.5025E-07
 17         131        2290  2.5886E-01  8.6290E-07
 17         141        2127  2.4047E-01  8.0182E-07
 17         151        1986  2.2430E-01  7.4794E-07
 17         161        1863  2.1466E-01  7.1568E-07
 17         171        1754  2.0274E-01  6.7596E-07
 17         181        1657  5.4545E-01  1.8187E-06
 17         191        1570  1.8306E-01  6.1048E-07
 17         201        1492  1.6917E-01  5.6411E-07
 17         211        1421  1.5989E-01  5.3325E-07
 17         221        1357  1.5880E-01  5.2950E-07
 17         231        1298  1.4681E-01  4.8962E-07
 17         241        1244  1.4562E-01  4.8573E-07
 17         251        1195  1.3538E-01  4.5133E-07
 17         261        1149  1.2736E-01  4.2470E-07
 17         271        1107  1.3070E-01  4.3568E-07
 17         281        1067  1.1879E-01  3.9619E-07
 17         291        1030  1.1959E-01  3.9898E-07
 18           1      300000  4.1934E+01  1.3978E-04
 18          11       27272  3.8363E+00  1.2788E-05
 18          21       14285  2.0069E+00  6.6901E-06
 18          31        9677  1.4402E+00  4.8010E-06
 18          41        7317  8.9116E-01  2.9706E-06
 18          51        5882  9.8675E-01  3.2894E-06
 18          61        4918  6.0608E-01  2.0203E-06
 18          71        4225  5.1908E-01  1.7304E-06
 18          81        3703  7.1707E-01  2.3907E-06
 18          91        3296  3.9842E-01  1.3284E-06
 18         101        2970  3.7027E-01  1.2343E-06
 18         111        2702  3.2885E-01  1.0965E-06
 18         121        2479  3.0444E-01  1.0149E-06
 18         131        2290  2.7786E-01  9.2623E-07
 18         141        2127  5.2885E-01  1.7634E-06
 18         151        1986  2.4444E-01  8.1511E-07
 18         161        1863  2.3401E-01  7.8017E-07
 18         171        1754  2.1042E-01  7.0157E-07
 18         181        1657  2.0308E-01  6.7712E-07
 18         191        1570  1.9584E-01  6.5310E-07
 18         201        1492  1.7700E-01  5.9022E-07
 18         211        1421  1.7923E-01  5.9778E-07
 18         221        1357  4.2986E-01  1.4334E-06
 18         231        1298  1.6367E-01  5.4586E-07
 18         241        1244  1.4951E-01  4.9868E-07
 18         251        1195  1.5060E-01  5.0209E-07
 18         261        1149  1.3718E-01  4.5743E-07
 18         271        1107  1.3783E-01  4.5943E-07
 18         281        1067  1.3203E-01  4.4036E-07
 18         291        1030  1.2239E-01  4.0835E-07
 19           1      300000  4.3406E+01  1.4469E-04
 19          11       27272  3.9515E+00  1.3172E-05
 19          21       14285  2.0545E+00  6.8487E-06
 19          31        9677  1.2513E+00  4.1712E-06
 19          41        7317  1.1710E+00  3.9033E-06
 19          51        5882  7.5725E-01  2.5243E-06
 19          61        4918  6.4437E-01  2.1479E-06
 19          71        4225  7.5749E-01  2.5252E-06
 19          81        3703  4.8137E-01  1.6049E-06
 19          91        3296  4.2507E-01  1.4172E-06
 19         101        2970  3.9254E-01  1.3086E-06
 19         111        2702  5.5629E-01  1.8548E-06
 19         121        2479  3.1995E-01  1.0666E-06
 19         131        2290  2.9271E-01  9.7574E-07
 19         141        2127  2.7598E-01  9.2023E-07
 19         151        1986  2.5763E-01  8.5909E-07
 19         161        1863  2.4316E-01  8.1068E-07
 19         171        1754  2.2851E-01  7.6187E-07
 19         181        1657  4.2980E-01  1.4331E-06
 19         191        1570  2.0537E-01  6.8487E-07
 19         201        1492  1.8907E-01  6.3046E-07
 19         211        1421  1.8896E-01  6.3021E-07
 19         221        1357  1.7132E-01  5.7126E-07
 19         231        1298  1.7149E-01  5.7195E-07
 19         241        1244  1.5800E-01  5.2700E-07
 19         251        1195  1.5922E-01  5.3084E-07
 19         261        1149  1.4463E-01  4.8228E-07
 19         271        1107  1.5085E-01  5.0285E-07
 19         281        1067  1.3462E-01  4.4900E-07
 19         291        1030  3.4041E-01  1.1357E-06
 20           1      300000  4.5822E+01  1.5274E-04
 20          11       27272  4.1628E+00  1.3876E-05
 20          21       14285  2.1697E+00  7.2327E-06
 20          31        9677  1.5499E+00  5.1667E-06
 20          41        7317  1.2262E+00  4.0874E-06
 20          51        5882  8.0355E-01  2.6787E-06
 20          61        4918  9.0100E-01  3.0034E-06
 20          71        4225  5.6932E-01  1.8979E-06
 20          81        3703  5.1382E-01  1.7130E-06
 20          91        3296  4.4907E-01  1.4972E-06
 20         101        2970  6.2176E-01  2.0727E-06
 20         111        2702  3.7491E-01  1.2500E-06
 20         121        2479  3.3878E-01  1.1294E-06
 20         131        2290  3.1399E-01  1.0467E-06
 20         141        2127  2.8980E-01  9.6629E-07
 20         151        1986  2.7427E-01  9.1458E-07
 20         161        1863  4.8688E-01  1.6232E-06
 20         171        1754  2.3871E-01  7.9586E-07
 20         181        1657  2.3204E-01  7.7369E-07
 20         191        1570  2.1746E-01  7.2519E-07
 20         201        1492  1.9922E-01  6.6431E-07
 20         211        1421  1.9944E-01  6.6517E-07
 20         221        1357  1.8510E-01  6.1720E-07
 20         231        1298  1.7834E-01  5.9479E-07
 20         241        1244  1.7691E-01  5.9009E-07
 20         251        1195  1.5799E-01  5.2674E-07
 20         261        1149  3.7259E-01  1.2424E-06
 20         271        1107  1.5650E-01  5.2169E-07
 20         281        1067  1.4082E-01  4.6969E-07
 20         291        1030  1.4359E-01  4.7907E-07
 21           1      300000  4.8986E+01  1.6329E-04
 21          11       27272  4.4144E+00  1.4715E-05
 21          21       14285  2.2890E+00  7.6304E-06
 21          31        9677  1.6380E+00  5.4603E-06
 21          41        7317  1.2987E+00  4.3291E-06
 21          51        5882  8.5859E-01  2.8621E-06
 21          61        4918  9.3938E-01  3.1313E-06
 21          71        4225  6.1723E-01  2.0576E-06
 21          81        3703  5.3725E-01  1.7912E-06
 21          91        3296  4.8797E-01  1.6269E-06
 21         101        2970  6.6424E-01  2.2143E-06
 21         111        2702  3.9218E-01  1.3076E-06
 21         121        2479  3.5532E-01  1.1846E-06
 21         131        2290  3.3243E-01  1.1082E-06
 21         141        2127  3.0864E-01  1.0291E-06
 21         151        1986  5.2070E-01  1.7363E-06
 21         161        1863  2.7103E-01  9.0359E-07
 21         171        1754  2.5967E-01  8.6574E-07
 21         181        1657  2.3536E-01  7.8474E-07
 21         191        1570  2.2896E-01  7.6355E-07
 21         201        1492  2.1685E-01  7.2308E-07
 21         211        1421  2.0659E-01  6.8901E-07
 21         221        1357  1.9630E-01  6.5457E-07
 21         231        1298  4.2854E-01  1.4292E-06
 21         241        1244  1.8148E-01  6.0533E-07
 21         251        1195  1.8340E-01  6.1146E-07
 21         261        1149  1.6475E-01  5.4936E-07
 21         271        1107  1.6728E-01  5.5761E-07
 21         281        1067  1.5011E-01  5.0067E-07
 21         291        1030  1.5150E-01  5.0544E-07
 22           1      300000  6.7998E+01  2.2666E-04
 22          11       27272  6.1886E+00  2.0629E-05
 22          21       14285  3.3576E+00  1.1193E-05
 22          31        9677  2.1955E+00  7.3188E-06
 22          41        7317  1.7244E+00  5.7482E-06
 22          51        5882  1.1825E+00  3.9419E-06
 22          61        4918  1.2355E+00  4.1183E-06
 22          71        4225  8.5290E-01  2.8432E-06
 22          81        3703  9.8061E-01  3.2693E-06
 22          91        3296  6.6730E-01  2.2248E-06
 22         101        2970  8.4660E-01  2.8223E-06
 22         111        2702  5.4323E-01  1.8112E-06
 22         121        2479  5.0192E-01  1.6733E-06
 22         131        2290  4.6044E-01  1.5349E-06
 22         141        2127  6.6841E-01  2.2287E-06
 22         151        1986  4.0601E-01  1.3539E-06
 22         161        1863  3.8127E-01  1.2711E-06
 22         171        1754  3.5419E-01  1.1809E-06
 22         181        1657  3.3448E-01  1.1152E-06
 22         191        1570  5.6012E-01  1.8679E-06
 22         201        1492  3.0140E-01  1.0050E-06
 22         211        1421  2.8678E-01  9.5648E-07
 22         221        1357  2.7068E-01  9.0259E-07
 22         231        1298  2.6008E-01  8.6741E-07
 22         241        1244  2.5083E-01  8.3665E-07
 22         251        1195  2.4274E-01  8.0927E-07
 22         261        1149  4.7237E-01  1.5752E-06
 22         271        1107  2.2843E-01  7.6145E-07
 22         281        1067  2.1046E-01  7.0193E-07
 22         291        1030  2.0255E-01  6.7576E-07
 23           1      300000  7.1956E+01  2.3985E-04
 23          11       27272  6.5067E+00  2.1690E-05
 23          21       14285  3.5099E+00  1.1700E-05
 23          31        9677  2.2914E+00  7.6382E-06
 23          41        7317  1.8007E+00  6.0022E-06
 23          51        5882  1.4983E+00  4.9946E-06
 23          61        4918  1.0360E+00  3.4535E-06
 23          71        4225  1.1394E+00  3.7984E-06
 23          81        3703  7.8701E-01  2.6239E-06
 23          91        3296  6.9963E-01  2.3326E-06
 23         101        2970  8.8068E-01  2.9359E-06
 23         111        2702  5.6019E-01  1.8678E-06
 23         121        2479  5.1874E-01  1.7294E-06
 23         131        2290  7.3695E-01  2.4566E-06
 23         141        2127  4.5663E-01  1.5226E-06
 23         151        1986  4.1652E-01  1.3889E-06
 23         161        1863  3.9451E-01  1.3153E-06
 23         171        1754  3.7004E-01  1.2338E-06
 23         181        1657  6.0038E-01  2.0018E-06
 23         191        1570  3.3056E-01  1.1024E-06
 23         201        1492  3.1220E-01  1.0411E-06
 23         211        1421  3.0053E-01  1.0023E-06
 23         221        1357  2.8840E-01  9.6165E-07
 23         231        1298  2.7437E-01  9.1506E-07
 23         241        1244  5.2161E-01  1.7398E-06
 23         251        1195  2.5098E-01  8.3676E-07
 23         261        1149  2.4107E-01  8.0386E-07
 23         271        1107  2.3413E-01  7.8044E-07
 23         281        1067  2.2820E-01  7.6112E-07
 23         291        1030  2.1322E-01  7.1137E-07
 24           1      300000  7.6442E+01  2.5481E-04
 24          11       27272  6.8372E+00  2.2791E-05
 24          21       14285  3.6780E+00  1.2261E-05
 24          31        9677  2.4190E+00  8.0635E-06
 24          41        7317  1.8922E+00  6.3076E-06
 24          51        5882  1.3001E+00  4.3338E-06
 24          61        4918  1.3563E+00  4.5212E-06
 24          71        4225  9.3692E-01  3.1233E-06
 24          81        3703  1.0859E+00  3.6204E-06
 24          91        3296  7.3414E-01  2.4477E-06
 24         101        2970  9.1907E-01  3.0639E-06
 24         111        2702  6.0120E-01  2.0045E-06
 24         121        2479  5.5151E-01  1.8386E-06
 24         131        2290  7.7034E-01  2.5679E-06
 24         141        2127  4.7720E-01  1.5911E-06
 24         151        1986  4.3694E-01  1.4570E-06
 24         161        1863  4.1774E-01  1.3927E-06
 24         171        1754  3.9185E-01  1.3065E-06
 24         181        1657  6.3487E-01  2.1168E-06
 24         191        1570  3.5035E-01  1.1683E-06
 24         201        1492  3.3546E-01  1.1186E-06
 24         211        1421  3.1616E-01  1.0545E-06
 24         221        1357  3.0059E-01  1.0023E-06
 24         231        1298  5.4543E-01  1.8191E-06
 24         241        1244  2.7544E-01  9.1873E-07
 24         251        1195  2.6602E-01  8.8690E-07
 24         261        1149  2.5490E-01  8.4998E-07
 24         271        1107  2.4764E-01  8.2548E-07
 24         281        1067  2.3121E-01  7.7115E-07
 24         291        1030  2.2936E-01  7.6523E-07
