 25           1    30000000  0.0000E+00  0.0000E+00
 25        1001       29970  1.9073E-06  6.3578E-14
 25        2001       14992  3.0994E-06  1.0332E-13
 25        3001        9996  4.7684E-06  1.5896E-13
 25        4001        7498  6.9141E-06  2.3048E-13
 25        5001        5998  8.1062E-06  2.7024E-13
 25        6001        4999  1.0014E-05  3.3380E-13
 25        7001        4285  1.1921E-05  3.9737E-13
 25        8001        3749  1.3113E-05  4.3716E-13
 25        9001        3332  1.5974E-05  5.3262E-13
 25       10001        2999  1.7166E-05  5.7234E-13
 25       11001        2727  1.9073E-05  6.3579E-13
 25       12001        2499  2.1935E-05  7.3138E-13
 25       13001        2307  2.3127E-05  7.7106E-13
 25       14001        2142  2.5034E-05  8.3474E-13
 25       15001        1999  2.5988E-05  8.6663E-13
 25       16001        1874  2.8849E-05  9.6207E-13
 25       17001        1764  3.1948E-05  1.0653E-12
 25       18001        1666  3.2902E-05  1.0971E-12
 25       19001        1578  3.6001E-05  1.2007E-12
 25       20001        1499  3.8147E-05  1.2724E-12
 25       21001        1428  3.9816E-05  1.3277E-12
 25       22001        1363  4.2915E-05  1.4311E-12
 25       23001        1304  4.6015E-05  1.5342E-12
 25       24001        1249  4.7922E-05  1.5986E-12
 25       25001        1199  4.8876E-05  1.6305E-12
 25       26001        1153  4.4107E-05  1.4713E-12
 25       27001        1111  3.9101E-05  1.3034E-12
 25       28001        1071  3.0994E-05  1.0335E-12
 25       29001        1034  3.0041E-05  1.0018E-12
