  1           1    30000000  6.1156E-02  2.0385E-09
  1        1001       29970  7.7798E-03  2.5933E-10
  1        2001       14992  1.2461E-02  4.1538E-10
  1        3001        9996  1.5185E-02  5.0620E-10
  1        4001        7498  1.5300E-02  5.1001E-10
  1        5001        5998  1.5191E-02  5.0644E-10
  1        6001        4999  1.5185E-02  5.0619E-10
  1        7001        4285  1.5247E-02  5.0825E-10
  1        8001        3749  1.5217E-02  5.0731E-10
  1        9001        3332  1.5196E-02  5.0668E-10
  1       10001        2999  1.5309E-02  5.1041E-10
  1       11001        2727  1.7357E-02  5.7857E-10
  1       12001        2499  2.2841E-02  7.6161E-10
  1       13001        2307  1.9750E-02  6.5848E-10
  1       14001        2142  2.2014E-02  7.3404E-10
  1       15001        1999  2.2867E-02  7.6256E-10
  1       16001        1874  2.6644E-02  8.8855E-10
  1       17001        1764  2.4276E-02  8.0948E-10
  1       18001        1666  2.6275E-02  8.7614E-10
  1       19001        1578  2.6768E-02  8.9275E-10
  1       20001        1499  2.6826E-02  8.9475E-10
  1       21001        1428  2.6872E-02  8.9605E-10
  1       22001        1363  2.6624E-02  8.8784E-10
  1       23001        1304  2.6593E-02  8.8663E-10
  1       24001        1249  2.6541E-02  8.8537E-10
  1       25001        1199  2.6604E-02  8.8750E-10
  1       26001        1153  2.6545E-02  8.8545E-10
  1       27001        1111  2.6767E-02  8.9229E-10
  1       28001        1071  2.6733E-02  8.9142E-10
  1       29001        1034  2.6755E-02  8.9222E-10
  2           1    30000000  6.0914E-02  2.0305E-09
  2        1001       29970  7.7770E-03  2.5923E-10
  2        2001       14992  1.2476E-02  4.1588E-10
  2        3001        9996  1.5418E-02  5.1397E-10
  2        4001        7498  1.5313E-02  5.1044E-10
  2        5001        5998  1.5232E-02  5.0780E-10
  2        6001        4999  1.5145E-02  5.0485E-10
  2        7001        4285  1.5236E-02  5.0788E-10
  2        8001        3749  1.5207E-02  5.0697E-10
  2        9001        3332  1.5186E-02  5.0634E-10
  2       10001        2999  1.5868E-02  5.2906E-10
  2       11001        2727  1.6781E-02  5.5937E-10
  2       12001        2499  1.8569E-02  6.1916E-10
  2       13001        2307  2.0530E-02  6.8449E-10
  2       14001        2142  2.6700E-02  8.9029E-10
  2       15001        1999  2.3422E-02  7.8107E-10
  2       16001        1874  2.5928E-02  8.6467E-10
  2       17001        1764  2.5714E-02  8.5743E-10
  2       18001        1666  2.7055E-02  9.0214E-10
  2       19001        1578  2.7127E-02  9.0473E-10
  2       20001        1499  2.7073E-02  9.0300E-10
  2       21001        1428  2.7132E-02  9.0472E-10
  2       22001        1363  2.7161E-02  9.0574E-10
  2       23001        1304  2.7174E-02  9.0600E-10
  2       24001        1249  2.7082E-02  9.0342E-10
  2       25001        1199  2.7119E-02  9.0468E-10
  2       26001        1153  2.7105E-02  9.0412E-10
  2       27001        1111  2.7105E-02  9.0355E-10
  2       28001        1071  2.7182E-02  9.0640E-10
  2       29001        1034  2.8219E-02  9.4104E-10
  3           1    30000000  6.2483E-02  2.0828E-09
  3        1001       29970  7.9620E-03  2.6540E-10
  3        2001       14992  1.2773E-02  4.2578E-10
  3        3001        9996  1.5571E-02  5.1906E-10
  3        4001        7498  1.2973E-02  4.3244E-10
  3        5001        5998  1.5574E-02  5.1921E-10
  3        6001        4999  1.5581E-02  5.1938E-10
  3        7001        4285  1.5603E-02  5.2011E-10
  3        8001        3749  1.5612E-02  5.2048E-10
  3        9001        3332  1.5606E-02  5.2035E-10
  3       10001        2999  1.8203E-02  6.0691E-10
  3       11001        2727  1.8273E-02  6.0910E-10
  3       12001        2499  2.0596E-02  6.8675E-10
  3       13001        2307  2.2792E-02  7.5990E-10
  3       14001        2142  2.2837E-02  7.6148E-10
  3       15001        1999  2.3822E-02  7.9441E-10
  3       16001        1874  2.7041E-02  9.0179E-10
  3       17001        1764  2.7385E-02  9.1314E-10
  3       18001        1666  2.7045E-02  9.0181E-10
  3       19001        1578  2.6973E-02  8.9959E-10
  3       20001        1499  2.7603E-02  9.2066E-10
  3       21001        1428  2.7033E-02  9.0141E-10
  3       22001        1363  2.7061E-02  9.0241E-10
  3       23001        1304  2.7122E-02  9.0427E-10
  3       24001        1249  2.7080E-02  9.0335E-10
  3       25001        1199  2.7054E-02  9.0252E-10
  3       26001        1153  2.7042E-02  9.0203E-10
  3       27001        1111  2.7392E-02  9.1313E-10
  3       28001        1071  2.7162E-02  9.0572E-10
  3       29001        1034  2.7472E-02  9.1613E-10
  4           1    30000000  6.2481E-02  2.0827E-09
  4        1001       29970  7.9639E-03  2.6546E-10
  4        2001       14992  1.2772E-02  4.2575E-10
  4        3001        9996  1.5572E-02  5.1910E-10
  4        4001        7498  1.5585E-02  5.1951E-10
  4        5001        5998  1.5585E-02  5.1957E-10
  4        6001        4999  1.3018E-02  4.3394E-10
  4        7001        4285  1.5591E-02  5.1972E-10
  4        8001        3749  1.5603E-02  5.2018E-10
  4        9001        3332  1.5608E-02  5.2042E-10
  4       10001        2999  1.6281E-02  5.4282E-10
  4       11001        2727  1.7223E-02  5.7411E-10
  4       12001        2499  1.8987E-02  6.3310E-10
  4       13001        2307  2.0996E-02  7.0002E-10
  4       14001        2142  2.7154E-02  9.0544E-10
  4       15001        1999  2.3853E-02  7.9544E-10
  4       16001        1874  2.6349E-02  8.7872E-10
  4       17001        1764  2.6032E-02  8.6803E-10
  4       18001        1666  2.6418E-02  8.8090E-10
  4       19001        1578  2.7159E-02  9.0580E-10
  4       20001        1499  2.7069E-02  9.0285E-10
  4       21001        1428  2.7118E-02  9.0426E-10
  4       22001        1363  2.7253E-02  9.0881E-10
  4       23001        1304  2.7212E-02  9.0727E-10
  4       24001        1249  2.7086E-02  9.0355E-10
  4       25001        1199  2.7110E-02  9.0439E-10
  4       26001        1153  2.7095E-02  9.0379E-10
  4       27001        1111  2.7007E-02  9.0029E-10
  4       28001        1071  2.7054E-02  9.0213E-10
  4       29001        1034  2.7000E-02  9.0039E-10
  5           1    30000000  6.2456E-02  2.0819E-09
  5        1001       29970  7.9629E-03  2.6543E-10
  5        2001       14992  1.2799E-02  4.2665E-10
  5        3001        9996  1.5438E-02  5.1464E-10
  5        4001        7498  1.5592E-02  5.1974E-10
  5        5001        5998  1.5574E-02  5.1920E-10
  5        6001        4999  1.5577E-02  5.1925E-10
  5        7001        4285  1.5583E-02  5.1945E-10
  5        8001        3749  1.5617E-02  5.2064E-10
  5        9001        3332  1.5588E-02  5.1975E-10
  5       10001        2999  1.6116E-02  5.3733E-10
  5       11001        2727  1.8390E-02  6.1300E-10
  5       12001        2499  2.0565E-02  6.8572E-10
  5       13001        2307  2.2660E-02  7.5550E-10
  5       14001        2142  2.2715E-02  7.5742E-10
  5       15001        1999  2.3853E-02  7.9544E-10
  5       16001        1874  2.7050E-02  9.0209E-10
  5       17001        1764  2.7316E-02  9.1085E-10
  5       18001        1666  2.7027E-02  9.0121E-10
  5       19001        1578  2.6959E-02  8.9912E-10
  5       20001        1499  2.7036E-02  9.0175E-10
  5       21001        1428  2.7017E-02  9.0088E-10
  5       22001        1363  2.7085E-02  9.0322E-10
  5       23001        1304  2.7085E-02  9.0304E-10
  5       24001        1249  2.7041E-02  9.0205E-10
  5       25001        1199  2.7026E-02  9.0158E-10
  5       26001        1153  2.7041E-02  9.0199E-10
  5       27001        1111  2.7028E-02  9.0099E-10
  5       28001        1071  2.7090E-02  9.0333E-10
  5       29001        1034  2.7019E-02  9.0102E-10
  6           1    30000000  6.2460E-02  2.0820E-09
  6        1001       29970  7.9610E-03  2.6537E-10
  6        2001       14992  1.2770E-02  4.2568E-10
  6        3001        9996  1.5569E-02  5.1900E-10
  6        4001        7498  1.2997E-02  4.3324E-10
  6        5001        5998  1.5570E-02  5.1907E-10
  6        6001        4999  1.5576E-02  5.1922E-10
  6        7001        4285  1.5576E-02  5.1922E-10
  6        8001        3749  1.5584E-02  5.1954E-10
  6        9001        3332  1.5588E-02  5.1975E-10
  6       10001        2999  1.6178E-02  5.3940E-10
  6       11001        2727  1.7268E-02  5.7561E-10
  6       12001        2499  1.8926E-02  6.3106E-10
  6       13001        2307  2.0935E-02  6.9798E-10
  6       14001        2142  2.7078E-02  9.0289E-10
  6       15001        1999  2.3815E-02  7.9418E-10
  6       16001        1874  2.6282E-02  8.7648E-10
  6       17001        1764  2.6030E-02  8.6796E-10
  6       18001        1666  2.6756E-02  8.9218E-10
  6       19001        1578  2.7087E-02  9.0339E-10
  6       20001        1499  2.7001E-02  9.0059E-10
  6       21001        1428  2.7031E-02  9.0135E-10
  6       22001        1363  2.7038E-02  9.0164E-10
  6       23001        1304  2.7087E-02  9.0310E-10
  6       24001        1249  2.7320E-02  9.1135E-10
  6       25001        1199  2.7076E-02  9.0325E-10
  6       26001        1153  2.7089E-02  9.0359E-10
  6       27001        1111  2.7054E-02  9.0186E-10
  6       28001        1071  2.7118E-02  9.0426E-10
  6       29001        1034  2.7065E-02  9.0256E-10
  7           1    30000000  6.2457E-02  2.0819E-09
  7        1001       29970  7.9629E-03  2.6543E-10
  7        2001       14992  1.2773E-02  4.2578E-10
  7        3001        9996  1.5577E-02  5.1927E-10
  7        4001        7498  1.5579E-02  5.1931E-10
  7        5001        5998  1.5582E-02  5.1947E-10
  7        6001        4999  1.5589E-02  5.1965E-10
  7        7001        4285  1.5592E-02  5.1974E-10
  7        8001        3749  1.5632E-02  5.2115E-10
  7        9001        3332  1.5611E-02  5.2052E-10
  7       10001        2999  1.6125E-02  5.3762E-10
  7       11001        2727  1.8177E-02  6.0591E-10
  7       12001        2499  2.0565E-02  6.8572E-10
  7       13001        2307  2.2592E-02  7.5324E-10
  7       14001        2142  2.1860E-02  7.2890E-10
  7       15001        1999  2.3864E-02  7.9581E-10
  7       16001        1874  2.7071E-02  9.0279E-10
  7       17001        1764  2.7421E-02  9.1435E-10
  7       18001        1666  2.7059E-02  9.0228E-10
  7       19001        1578  2.7030E-02  9.0149E-10
  7       20001        1499  2.7090E-02  9.0356E-10
  7       21001        1428  2.7102E-02  9.0373E-10
  7       22001        1363  2.7303E-02  9.1049E-10
  7       23001        1304  2.7162E-02  9.0560E-10
  7       24001        1249  2.7045E-02  9.0218E-10
  7       25001        1199  2.7021E-02  9.0141E-10
  7       26001        1153  2.6976E-02  8.9983E-10
  7       27001        1111  2.7010E-02  9.0039E-10
  7       28001        1071  2.7071E-02  9.0270E-10
  7       29001        1034  2.6998E-02  9.0032E-10
  8           1    30000000  6.2458E-02  2.0819E-09
  8        1001       29970  7.9610E-03  2.6537E-10
  8        2001       14992  1.2769E-02  4.2566E-10
  8        3001        9996  1.5567E-02  5.1893E-10
  8        4001        7498  1.5574E-02  5.1914E-10
  8        5001        5998  1.5574E-02  5.1921E-10
  8        6001        4999  1.5573E-02  5.1912E-10
  8        7001        4285  1.5583E-02  5.1944E-10
  8        8001        3749  1.5582E-02  5.1948E-10
  8        9001        3332  1.5591E-02  5.1985E-10
  8       10001        2999  1.6115E-02  5.3729E-10
  8       11001        2727  1.7166E-02  5.7220E-10
  8       12001        2499  1.8953E-02  6.3196E-10
  8       13001        2307  2.0979E-02  6.9946E-10
  8       14001        2142  2.7072E-02  9.0270E-10
  8       15001        1999  2.3791E-02  7.9338E-10
  8       16001        1874  2.6286E-02  8.7661E-10
  8       17001        1764  2.5961E-02  8.6566E-10
  8       18001        1666  2.6896E-02  8.9684E-10
  8       19001        1578  2.7067E-02  9.0273E-10
  8       20001        1499  2.6992E-02  9.0029E-10
  8       21001        1428  2.7041E-02  9.0168E-10
  8       22001        1363  2.7104E-02  9.0384E-10
  8       23001        1304  2.7108E-02  9.0380E-10
  8       24001        1249  2.6972E-02  8.9975E-10
  8       25001        1199  2.7014E-02  9.0118E-10
  8       26001        1153  2.7043E-02  9.0206E-10
  8       27001        1111  2.7002E-02  9.0012E-10
  8       28001        1071  2.7036E-02  9.0153E-10
  8       29001        1034  2.6723E-02  8.9115E-10
  9           1    30000000  6.0986E-02  2.0329E-09
  9        1001       29970  7.7820E-03  2.5940E-10
  9        2001       14992  1.2414E-02  4.1381E-10
  9        3001        9996  1.5201E-02  5.0673E-10
  9        4001        7498  1.2638E-02  4.2127E-10
  9        5001        5998  1.5206E-02  5.0694E-10
  9        6001        4999  1.2701E-02  4.2338E-10
  9        7001        4285  1.5272E-02  5.0908E-10
  9        8001        3749  1.5214E-02  5.0720E-10
  9        9001        3332  1.5175E-02  5.0598E-10
  9       10001        2999  1.3746E-02  4.5831E-10
  9       11001        2727  1.7934E-02  5.9780E-10
  9       12001        2499  2.0137E-02  6.7145E-10
  9       13001        2307  2.2464E-02  7.4897E-10
  9       14001        2142  2.2511E-02  7.5061E-10
  9       15001        1999  2.3406E-02  7.8054E-10
  9       16001        1874  2.6455E-02  8.8225E-10
  9       17001        1764  2.6925E-02  8.9781E-10
  9       18001        1666  2.6685E-02  8.8981E-10
  9       19001        1578  2.6613E-02  8.8759E-10
  9       20001        1499  2.6684E-02  8.9001E-10
  9       21001        1428  2.6689E-02  8.8995E-10
  9       22001        1363  2.6636E-02  8.8824E-10
  9       23001        1304  2.7010E-02  9.0054E-10
  9       24001        1249  2.7792E-02  9.2710E-10
  9       25001        1199  2.7058E-02  9.0265E-10
  9       26001        1153  2.6798E-02  8.9389E-10
  9       27001        1111  2.7023E-02  9.0083E-10
  9       28001        1071  2.7079E-02  9.0297E-10
  9       29001        1034  2.7026E-02  9.0125E-10
 10           1    30000000  6.2555E-02  2.0852E-09
 10        1001       29970  7.9629E-03  2.6543E-10
 10        2001       14992  1.2774E-02  4.2581E-10
 10        3001        9996  1.5571E-02  5.1907E-10
 10        4001        7498  1.5575E-02  5.1917E-10
 10        5001        5998  1.5578E-02  5.1933E-10
 10        6001        4999  1.5603E-02  5.2012E-10
 10        7001        4285  1.5578E-02  5.1928E-10
 10        8001        3749  1.5587E-02  5.1964E-10
 10        9001        3332  1.5593E-02  5.1992E-10
 10       10001        2999  1.6370E-02  5.4580E-10
 10       11001        2727  1.7252E-02  5.7507E-10
 10       12001        2499  1.7437E-02  5.8142E-10
 10       13001        2307  2.0950E-02  6.9849E-10
 10       14001        2142  2.7086E-02  9.0316E-10
 10       15001        1999  2.3829E-02  7.9464E-10
 10       16001        1874  2.6296E-02  8.7694E-10
 10       17001        1764  2.6069E-02  8.6927E-10
 10       18001        1666  2.7012E-02  9.0071E-10
 10       19001        1578  2.7082E-02  9.0323E-10
 10       20001        1499  2.7017E-02  9.0112E-10
 10       21001        1428  2.7051E-02  9.0202E-10
 10       22001        1363  2.7134E-02  9.0485E-10
 10       23001        1304  2.7105E-02  9.0370E-10
 10       24001        1249  2.6741E-02  8.9204E-10
 10       25001        1199  2.7053E-02  9.0248E-10
 10       26001        1153  2.7032E-02  9.0169E-10
 10       27001        1111  2.7032E-02  9.0113E-10
 10       28001        1071  2.7066E-02  9.0253E-10
 10       29001        1034  2.7016E-02  9.0092E-10
 11           1    30000000  6.2481E-02  2.0827E-09
 11        1001       29970  7.7579E-03  2.5860E-10
 11        2001       14992  1.2474E-02  4.1581E-10
 11        3001        9996  1.5188E-02  5.0630E-10
 11        4001        7498  1.5195E-02  5.0651E-10
 11        5001        5998  1.5234E-02  5.0787E-10
 11        6001        4999  1.5478E-02  5.1596E-10
 11        7001        4285  1.5632E-02  5.2108E-10
 11        8001        3749  1.5613E-02  5.2051E-10
 11        9001        3332  1.5595E-02  5.1998E-10
 11       10001        2999  1.6169E-02  5.3909E-10
 11       11001        2727  1.8479E-02  6.1597E-10
 11       12001        2499  2.0115E-02  6.7072E-10
 11       13001        2307  2.2196E-02  7.4003E-10
 11       14001        2142  2.2411E-02  7.4728E-10
 11       15001        1999  2.3449E-02  7.8197E-10
 11       16001        1874  2.6656E-02  8.8895E-10
 11       17001        1764  2.6943E-02  8.9841E-10
 11       18001        1666  2.6675E-02  8.8947E-10
 11       19001        1578  2.6617E-02  8.8772E-10
 11       20001        1499  2.6834E-02  8.9502E-10
 11       21001        1428  2.6891E-02  8.9668E-10
 11       22001        1363  2.7220E-02  9.0772E-10
 11       23001        1304  2.6863E-02  8.9564E-10
 11       24001        1249  2.6710E-02  8.9101E-10
 11       25001        1199  2.6753E-02  8.9247E-10
 11       26001        1153  2.6738E-02  8.9188E-10
 11       27001        1111  2.6741E-02  8.9142E-10
 11       28001        1071  2.7000E-02  9.0033E-10
 11       29001        1034  2.6723E-02  8.9115E-10
 12           1    30000000  6.0771E-02  2.0257E-09
 12        1001       29970  7.7240E-03  2.5747E-10
 12        2001       14992  1.2549E-02  4.1832E-10
 12        3001        9996  1.5207E-02  5.0694E-10
 12        4001        7498  1.2646E-02  4.2154E-10
 12        5001        5998  1.5340E-02  5.1140E-10
 12        6001        4999  1.5378E-02  5.1262E-10
 12        7001        4285  1.5194E-02  5.0648E-10
 12        8001        3749  1.5232E-02  5.0781E-10
 12        9001        3332  1.5307E-02  5.1038E-10
 12       10001        2999  1.5982E-02  5.3285E-10
 12       11001        2727  1.6762E-02  5.5874E-10
 12       12001        2499  1.8649E-02  6.2183E-10
 12       13001        2307  2.0548E-02  6.8508E-10
 12       14001        2142  2.6827E-02  8.9452E-10
 12       15001        1999  2.3458E-02  7.8227E-10
 12       16001        1874  2.5967E-02  8.6597E-10
 12       17001        1764  2.5579E-02  8.5292E-10
 12       18001        1666  2.6446E-02  8.8183E-10
 12       19001        1578  2.6795E-02  8.9365E-10
 12       20001        1499  2.6631E-02  8.8824E-10
 12       21001        1428  2.6785E-02  8.9314E-10
 12       22001        1363  2.6689E-02  8.9000E-10
 12       23001        1304  2.6740E-02  8.9153E-10
 12       24001        1249  2.6644E-02  8.8881E-10
 12       25001        1199  2.6679E-02  8.9001E-10
 12       26001        1153  2.6668E-02  8.8955E-10
 12       27001        1111  2.6623E-02  8.8749E-10
 12       28001        1071  2.6745E-02  8.9182E-10
 12       29001        1034  2.6602E-02  8.8712E-10
 13           1    30000000  6.0950E-02  2.0317E-09
 13        1001       29970  7.8390E-03  2.6130E-10
 13        2001       14992  1.2513E-02  4.1711E-10
 13        3001        9996  1.5147E-02  5.0493E-10
 13        4001        7498  1.5209E-02  5.0697E-10
 13        5001        5998  1.5255E-02  5.0857E-10
 13        6001        4999  1.5178E-02  5.0595E-10
 13        7001        4285  1.5175E-02  5.0584E-10
 13        8001        3749  1.5307E-02  5.1031E-10
 13        9001        3332  1.5164E-02  5.0562E-10
 13       10001        2999  1.5795E-02  5.2662E-10
 13       11001        2727  1.7991E-02  5.9970E-10
 13       12001        2499  2.0143E-02  6.7165E-10
 13       13001        2307  2.2220E-02  7.4084E-10
 13       14001        2142  2.2316E-02  7.4412E-10
 13       15001        1999  2.3443E-02  7.8177E-10
 13       16001        1874  2.6669E-02  8.8939E-10
 13       17001        1764  2.7036E-02  9.0151E-10
 13       18001        1666  2.6628E-02  8.8791E-10
 13       19001        1578  2.6672E-02  8.8955E-10
 13       20001        1499  2.6620E-02  8.8788E-10
 13       21001        1428  2.6693E-02  8.9008E-10
 13       22001        1363  2.6729E-02  8.9135E-10
 13       23001        1304  2.6750E-02  8.9187E-10
 13       24001        1249  2.6656E-02  8.8920E-10
 13       25001        1199  2.6635E-02  8.8854E-10
 13       26001        1153  2.6691E-02  8.9032E-10
 13       27001        1111  2.6670E-02  8.8906E-10
 13       28001        1071  2.6714E-02  8.9079E-10
 13       29001        1034  2.6598E-02  8.8698E-10
 14           1    30000000  6.0966E-02  2.0322E-09
 14        1001       29970  7.7879E-03  2.5960E-10
 14        2001       14992  1.2411E-02  4.1371E-10
 14        3001        9996  1.5208E-02  5.0697E-10
 14        4001        7498  1.5236E-02  5.0787E-10
 14        5001        5998  1.5143E-02  5.0483E-10
 14        6001        4999  1.2639E-02  4.2132E-10
 14        7001        4285  1.5241E-02  5.0804E-10
 14        8001        3749  1.5122E-02  5.0414E-10
 14        9001        3332  1.5156E-02  5.0535E-10
 14       10001        2999  1.5846E-02  5.2832E-10
 14       11001        2727  1.6725E-02  5.5751E-10
 14       12001        2499  1.8578E-02  6.1946E-10
 14       13001        2307  2.0620E-02  6.8749E-10
 14       14001        2142  2.6554E-02  8.8543E-10
 14       15001        1999  2.2973E-02  7.6610E-10
 14       16001        1874  2.5472E-02  8.4946E-10
 14       17001        1764  2.5239E-02  8.4159E-10
 14       18001        1666  2.6073E-02  8.6940E-10
 14       19001        1578  2.6177E-02  8.7305E-10
 14       20001        1499  2.6205E-02  8.7404E-10
 14       21001        1428  2.6595E-02  8.8681E-10
 14       22001        1363  2.6363E-02  8.7913E-10
 14       23001        1304  2.6240E-02  8.7487E-10
 14       24001        1249  2.6165E-02  8.7283E-10
 14       25001        1199  2.6291E-02  8.7707E-10
 14       26001        1153  2.6206E-02  8.7414E-10
 14       27001        1111  2.6216E-02  8.7392E-10
 14       28001        1071  2.6282E-02  8.7639E-10
 14       29001        1034  2.6164E-02  8.7251E-10
 15           1    30000000  5.9097E-02  1.9699E-09
 15        1001       29970  7.4718E-03  2.4906E-10
 15        2001       14992  1.2008E-02  4.0029E-10
 15        3001        9996  1.4741E-02  4.9140E-10
 15        4001        7498  1.2923E-02  4.3077E-10
 15        5001        5998  1.5150E-02  5.0507E-10
 15        6001        4999  1.5196E-02  5.0655E-10
 15        7001        4285  1.5206E-02  5.0687E-10
 15        8001        3749  1.5225E-02  5.0758E-10
 15        9001        3332  1.5253E-02  5.0858E-10
 15       10001        2999  1.5679E-02  5.2275E-10
 15       11001        2727  1.8031E-02  6.0103E-10
 15       12001        2499  2.0080E-02  6.6955E-10
 15       13001        2307  2.2513E-02  7.5060E-10
 15       14001        2142  2.2631E-02  7.5461E-10
 15       15001        1999  2.3904E-02  7.9715E-10
 15       16001        1874  2.6733E-02  8.9153E-10
 15       17001        1764  2.7440E-02  9.1498E-10
 15       18001        1666  2.7312E-02  9.1072E-10
 15       19001        1578  2.6906E-02  8.9735E-10
 15       20001        1499  2.7073E-02  9.0299E-10
 15       21001        1428  2.7310E-02  9.1066E-10
 15       22001        1363  2.7292E-02  9.1012E-10
 15       23001        1304  2.7368E-02  9.1247E-10
 15       24001        1249  2.6958E-02  8.9928E-10
 15       25001        1199  2.6806E-02  8.9425E-10
 15       26001        1153  2.6781E-02  8.9332E-10
 15       27001        1111  2.6835E-02  8.9456E-10
 15       28001        1071  2.6953E-02  8.9876E-10
 15       29001        1034  2.7058E-02  9.0233E-10
 16           1    30000000  6.1235E-02  2.0412E-09
 16        1001       29970  7.7081E-03  2.5694E-10
 16        2001       14992  1.2506E-02  4.1688E-10
 16        3001        9996  1.5439E-02  5.1467E-10
 16        4001        7498  1.5243E-02  5.0811E-10
 16        5001        5998  1.5145E-02  5.0490E-10
 16        6001        4999  1.5212E-02  5.0709E-10
 16        7001        4285  1.5249E-02  5.0831E-10
 16        8001        3749  1.5202E-02  5.0681E-10
 16        9001        3332  1.5189E-02  5.0645E-10
 16       10001        2999  1.5945E-02  5.3162E-10
 16       11001        2727  1.6387E-02  5.4624E-10
 16       12001        2499  1.9229E-02  6.4117E-10
 16       13001        2307  2.1663E-02  7.2226E-10
 16       14001        2142  2.5649E-02  8.5525E-10
 16       15001        1999  2.5531E-02  8.5140E-10
 16       16001        1874  2.6235E-02  8.7491E-10
 16       17001        1764  2.6877E-02  8.9621E-10
 16       18001        1666  2.6709E-02  8.9061E-10
 16       19001        1578  2.6693E-02  8.9026E-10
 16       20001        1499  2.6927E-02  8.9812E-10
 16       21001        1428  2.6668E-02  8.8925E-10
 16       22001        1363  2.6738E-02  8.9165E-10
 16       23001        1304  2.6727E-02  8.9111E-10
 16       24001        1249  2.6747E-02  8.9224E-10
 16       25001        1199  2.6720E-02  8.9138E-10
 16       26001        1153  2.6602E-02  8.8735E-10
 16       27001        1111  2.6692E-02  8.8979E-10
 16       28001        1071  2.6687E-02  8.8990E-10
 16       29001        1034  2.6620E-02  8.8772E-10
 17           1    30000000  6.2261E-02  2.0754E-09
 17        1001       29970  7.9629E-03  2.6543E-10
 17        2001       14992  1.2764E-02  4.2548E-10
 17        3001        9996  1.5567E-02  5.1894E-10
 17        4001        7498  1.5575E-02  5.1917E-10
 17        5001        5998  1.5628E-02  5.2100E-10
 17        6001        4999  1.5574E-02  5.1915E-10
 17        7001        4285  1.5580E-02  5.1934E-10
 17        8001        3749  1.5616E-02  5.2061E-10
 17        9001        3332  1.5592E-02  5.1988E-10
 17       10001        2999  1.6061E-02  5.3549E-10
 17       11001        2727  1.7158E-02  5.7193E-10
 17       12001        2499  1.9984E-02  6.6634E-10
 17       13001        2307  2.2122E-02  7.3757E-10
 17       14001        2142  2.2458E-02  7.4885E-10
 17       15001        1999  2.3716E-02  7.9088E-10
 17       16001        1874  2.7078E-02  9.0303E-10
 17       17001        1764  2.7025E-02  9.0114E-10
 17       18001        1666  2.7005E-02  9.0048E-10
 17       19001        1578  2.6952E-02  8.9889E-10
 17       20001        1499  2.6968E-02  8.9949E-10
 17       21001        1428  2.6998E-02  9.0025E-10
 17       22001        1363  2.7058E-02  9.0231E-10
 17       23001        1304  2.7076E-02  9.0274E-10
 17       24001        1249  2.7092E-02  9.0375E-10
 17       25001        1199  2.6959E-02  8.9935E-10
 17       26001        1153  2.6992E-02  9.0036E-10
 17       27001        1111  2.7005E-02  9.0022E-10
 17       28001        1071  2.7065E-02  9.0250E-10
 17       29001        1034  2.6975E-02  8.9956E-10
 18           1    30000000  6.2456E-02  2.0819E-09
 18        1001       29970  7.9620E-03  2.6540E-10
 18        2001       14992  1.2769E-02  4.2565E-10
 18        3001        9996  1.5566E-02  5.1891E-10
 18        4001        7498  1.2976E-02  4.3255E-10
 18        5001        5998  1.5568E-02  5.1900E-10
 18        6001        4999  1.5573E-02  5.1912E-10
 18        7001        4285  1.5572E-02  5.1908E-10
 18        8001        3749  1.5624E-02  5.2088E-10
 18        9001        3332  1.5665E-02  5.2232E-10
 18       10001        2999  1.3844E-02  4.6157E-10
 18       11001        2727  1.7022E-02  5.6741E-10
 18       12001        2499  1.9699E-02  6.5684E-10
 18       13001        2307  2.2023E-02  7.3426E-10
 18       14001        2142  2.5908E-02  8.6388E-10
 18       15001        1999  2.6129E-02  8.7134E-10
 18       16001        1874  2.6839E-02  8.9506E-10
 18       17001        1764  2.7358E-02  9.1225E-10
 18       18001        1666  2.7132E-02  9.0471E-10
 18       19001        1578  2.7156E-02  9.0570E-10
 18       20001        1499  2.6880E-02  8.9655E-10
 18       21001        1428  2.6913E-02  8.9741E-10
 18       22001        1363  2.6871E-02  8.9608E-10
 18       23001        1304  2.6954E-02  8.9867E-10
 18       24001        1249  2.7077E-02  9.0325E-10
 18       25001        1199  2.7115E-02  9.0455E-10
 18       26001        1153  2.7092E-02  9.0369E-10
 18       27001        1111  2.7024E-02  9.0086E-10
 18       28001        1071  2.6981E-02  8.9970E-10
 18       29001        1034  2.7013E-02  9.0082E-10
 19           1    30000000  6.1917E-02  2.0639E-09
 19        1001       29970  7.8351E-03  2.6117E-10
 19        2001       14992  1.2690E-02  4.2302E-10
 19        3001        9996  1.5426E-02  5.1423E-10
 19        4001        7498  1.5427E-02  5.1424E-10
 19        5001        5998  1.5483E-02  5.1617E-10
 19        6001        4999  1.2830E-02  4.2768E-10
 19        7001        4285  1.5430E-02  5.1434E-10
 19        8001        3749  1.5436E-02  5.1461E-10
 19        9001        3332  1.5518E-02  5.1741E-10
 19       10001        2999  1.6095E-02  5.3662E-10
 19       11001        2727  1.6951E-02  5.6503E-10
 19       12001        2499  1.9722E-02  6.5761E-10
 19       13001        2307  2.1600E-02  7.2016E-10
 19       14001        2142  2.2243E-02  7.4168E-10
 19       15001        1999  2.3557E-02  7.8558E-10
 19       16001        1874  2.7027E-02  9.0133E-10
 19       17001        1764  2.7161E-02  9.0568E-10
 19       18001        1666  2.7226E-02  9.0785E-10
 19       19001        1578  2.7122E-02  9.0456E-10
 19       20001        1499  2.7011E-02  9.0093E-10
 19       21001        1428  2.6945E-02  8.9849E-10
 19       22001        1363  2.7154E-02  9.0551E-10
 19       23001        1304  2.7078E-02  9.0281E-10
 19       24001        1249  2.6981E-02  9.0005E-10
 19       25001        1199  2.6501E-02  8.8407E-10
 19       26001        1153  2.7174E-02  9.0643E-10
 19       27001        1111  2.6853E-02  8.9516E-10
 19       28001        1071  2.7063E-02  9.0243E-10
 19       29001        1034  2.7019E-02  9.0102E-10
 20           1    30000000  6.2458E-02  2.0819E-09
 20        1001       29970  7.9601E-03  2.6534E-10
 20        2001       14992  1.2767E-02  4.2558E-10
 20        3001        9996  1.5746E-02  5.2490E-10
 20        4001        7498  1.5581E-02  5.1938E-10
 20        5001        5998  1.5576E-02  5.1927E-10
 20        6001        4999  1.5674E-02  5.2249E-10
 20        7001        4285  1.5207E-02  5.0691E-10
 20        8001        3749  1.5345E-02  5.1158E-10
 20        9001        3332  1.5356E-02  5.1202E-10
 20       10001        2999  1.5853E-02  5.2855E-10
 20       11001        2727  1.6848E-02  5.6160E-10
 20       12001        2499  1.9619E-02  6.5417E-10
 20       13001        2307  2.2060E-02  7.3550E-10
 20       14001        2142  2.5980E-02  8.6628E-10
 20       15001        1999  2.5947E-02  8.6527E-10
 20       16001        1874  2.6681E-02  8.8978E-10
 20       17001        1764  2.7227E-02  9.0787E-10
 20       18001        1666  2.7013E-02  9.0075E-10
 20       19001        1578  2.7113E-02  9.0426E-10
 20       20001        1499  2.7041E-02  9.0192E-10
 20       21001        1428  2.7098E-02  9.0359E-10
 20       22001        1363  2.7141E-02  9.0508E-10
 20       23001        1304  2.7124E-02  9.0433E-10
 20       24001        1249  2.7137E-02  9.0525E-10
 20       25001        1199  2.7086E-02  9.0358E-10
 20       26001        1153  2.7072E-02  9.0303E-10
 20       27001        1111  2.7102E-02  9.0346E-10
 20       28001        1071  2.7049E-02  9.0196E-10
 20       29001        1034  2.7051E-02  9.0209E-10
 21           1    30000000  6.2459E-02  2.0820E-09
 21        1001       29970  7.9620E-03  2.6540E-10
 21        2001       14992  1.2775E-02  4.2585E-10
 21        3001        9996  1.5567E-02  5.1894E-10
 21        4001        7498  1.2969E-02  4.3231E-10
 21        5001        5998  1.5632E-02  5.2114E-10
 21        6001        4999  1.5577E-02  5.1925E-10
 21        7001        4285  1.5578E-02  5.1928E-10
 21        8001        3749  1.5618E-02  5.2067E-10
 21        9001        3332  1.5586E-02  5.1968E-10
 21       10001        2999  1.6151E-02  5.3850E-10
 21       11001        2727  1.7218E-02  5.7394E-10
 21       12001        2499  1.9076E-02  6.3607E-10
 21       13001        2307  2.2367E-02  7.4573E-10
 21       14001        2142  2.2587E-02  7.5315E-10
 21       15001        1999  2.3718E-02  7.9094E-10
 21       16001        1874  2.7072E-02  9.0282E-10
 21       17001        1764  2.7057E-02  9.0221E-10
 21       18001        1666  2.6793E-02  8.9341E-10
 21       19001        1578  2.7011E-02  9.0087E-10
 21       20001        1499  2.6986E-02  9.0009E-10
 21       21001        1428  2.7008E-02  9.0058E-10
 21       22001        1363  2.7033E-02  9.0147E-10
 21       23001        1304  2.7090E-02  9.0320E-10
 21       24001        1249  2.7071E-02  9.0305E-10
 21       25001        1199  2.6994E-02  9.0051E-10
 21       26001        1153  2.7022E-02  9.0136E-10
 21       27001        1111  2.7005E-02  9.0022E-10
 21       28001        1071  2.7065E-02  9.0249E-10
 21       29001        1034  2.6977E-02  8.9962E-10
 22           1    30000000  6.2473E-02  2.0824E-09
 22        1001       29970  7.9620E-03  2.6540E-10
 22        2001       14992  1.2774E-02  4.2581E-10
 22        3001        9996  1.5595E-02  5.1987E-10
 22        4001        7498  1.5575E-02  5.1917E-10
 22        5001        5998  1.5572E-02  5.1914E-10
 22        6001        4999  1.5569E-02  5.1898E-10
 22        7001        4285  1.5582E-02  5.1942E-10
 22        8001        3749  1.5621E-02  5.2077E-10
 22        9001        3332  1.5582E-02  5.1955E-10
 22       10001        2999  1.6254E-02  5.4193E-10
 22       11001        2727  1.6885E-02  5.6284E-10
 22       12001        2499  1.9477E-02  6.4944E-10
 22       13001        2307  2.1708E-02  7.2376E-10
 22       14001        2142  2.5595E-02  8.5345E-10
 22       15001        1999  2.5558E-02  8.5230E-10
 22       16001        1874  2.6451E-02  8.8211E-10
 22       17001        1764  2.6885E-02  8.9647E-10
 22       18001        1666  2.6732E-02  8.9137E-10
 22       19001        1578  2.7054E-02  9.0230E-10
 22       20001        1499  2.7533E-02  9.1833E-10
 22       21001        1428  2.7242E-02  9.0838E-10
 22       22001        1363  2.7060E-02  9.0238E-10
 22       23001        1304  2.7133E-02  9.0463E-10
 22       24001        1249  2.6832E-02  8.9507E-10
 22       25001        1199  2.7271E-02  9.0976E-10
 22       26001        1153  2.7161E-02  9.0599E-10
 22       27001        1111  2.6757E-02  8.9196E-10
 22       28001        1071  2.6701E-02  8.9036E-10
 22       29001        1034  2.6625E-02  8.8788E-10
 23           1    30000000  6.1090E-02  2.0363E-09
 23        1001       29970  7.7810E-03  2.5937E-10
 23        2001       14992  1.2440E-02  4.1468E-10
 23        3001        9996  1.5172E-02  5.0577E-10
 23        4001        7498  1.5236E-02  5.0787E-10
 23        5001        5998  1.5264E-02  5.0887E-10
 23        6001        4999  1.5195E-02  5.0651E-10
 23        7001        4285  1.5193E-02  5.0644E-10
 23        8001        3749  1.5150E-02  5.0507E-10
 23        9001        3332  1.5217E-02  5.0738E-10
 23       10001        2999  1.5771E-02  5.2582E-10
 23       11001        2727  1.6796E-02  5.5988E-10
 23       12001        2499  1.9730E-02  6.5788E-10
 23       13001        2307  2.1818E-02  7.2743E-10
 23       14001        2142  2.2132E-02  7.3798E-10
 23       15001        1999  2.3434E-02  7.8147E-10
 23       16001        1874  2.6664E-02  8.8922E-10
 23       17001        1764  2.6621E-02  8.8767E-10
 23       18001        1666  2.6668E-02  8.8923E-10
 23       19001        1578  2.6730E-02  8.9149E-10
 23       20001        1499  2.6601E-02  8.8725E-10
 23       21001        1428  2.6585E-02  8.8647E-10
 23       22001        1363  2.6734E-02  8.9151E-10
 23       23001        1304  2.6713E-02  8.9063E-10
 23       24001        1249  2.6730E-02  8.9168E-10
 23       25001        1199  2.6669E-02  8.8967E-10
 23       26001        1153  2.6789E-02  8.9359E-10
 23       27001        1111  2.6596E-02  8.8659E-10
 23       28001        1071  2.6720E-02  8.9099E-10
 23       29001        1034  2.6687E-02  8.8996E-10
 24           1    30000000  6.1019E-02  2.0340E-09
 24        1001       29970  7.7438E-03  2.5813E-10
 24        2001       14992  1.2482E-02  4.1609E-10
 24        3001        9996  1.5272E-02  5.0910E-10
 24        4001        7498  1.2634E-02  4.2114E-10
 24        5001        5998  1.5215E-02  5.0724E-10
 24        6001        4999  1.2633E-02  4.2112E-10
 24        7001        4285  1.5176E-02  5.0588E-10
 24        8001        3749  1.5221E-02  5.0743E-10
 24        9001        3332  1.5171E-02  5.0585E-10
 24       10001        2999  1.5934E-02  5.3126E-10
 24       11001        2727  1.7347E-02  5.7824E-10
 24       12001        2499  2.0279E-02  6.7618E-10
 24       13001        2307  2.1985E-02  7.3300E-10
 24       14001        2142  2.5831E-02  8.6132E-10
 24       15001        1999  2.5937E-02  8.6494E-10
 24       16001        1874  2.6263E-02  8.7585E-10
 24       17001        1764  2.7208E-02  9.0725E-10
 24       18001        1666  2.7120E-02  9.0431E-10
 24       19001        1578  2.7002E-02  9.0056E-10
 24       20001        1499  2.6778E-02  8.9315E-10
 24       21001        1428  2.6795E-02  8.9348E-10
 24       22001        1363  2.6693E-02  8.9014E-10
 24       23001        1304  2.6739E-02  8.9150E-10
 24       24001        1249  2.6801E-02  8.9404E-10
 24       25001        1199  2.6743E-02  8.9214E-10
 24       26001        1153  2.6902E-02  8.9736E-10
 24       27001        1111  2.6802E-02  8.9346E-10
 24       28001        1071  2.6590E-02  8.8665E-10
 24       29001        1034  2.6680E-02  8.8972E-10
