 25           1    30000000  0.0000E+00  0.0000E+00
 25        1001       29970  1.9073E-06  6.3578E-14
 25        2001       14992  3.0994E-06  1.0332E-13
 25        3001        9996  5.0068E-06  1.6690E-13
 25        4001        7498  6.9141E-06  2.3048E-13
 25        5001        5998  7.8678E-06  2.6230E-13
 25        6001        4999  1.0967E-05  3.6559E-13
 25        7001        4285  1.1921E-05  3.9737E-13
 25        8001        3749  1.4067E-05  4.6896E-13
 25        9001        3332  1.7166E-05  5.7237E-13
 25       10001        2999  1.6928E-05  5.6439E-13
 25       11001        2727  3.5048E-05  1.1683E-12
 25       12001        2499  2.0981E-05  6.9958E-13
 25       13001        2307  2.1935E-05  7.3131E-13
 25       14001        2142  2.2888E-05  7.6319E-13
 25       15001        1999  2.5034E-05  8.3483E-13
 25       16001        1874  2.6941E-05  8.9847E-13
 25       17001        1764  3.0041E-05  1.0017E-12
 25       18001        1666  2.0981E-05  6.9960E-13
 25       19001        1578  1.9789E-05  6.5999E-13
 25       20001        1499  3.0994E-05  1.0338E-12
 25       21001        1428  2.5988E-05  8.6656E-13
 25       22001        1363  2.5988E-05  8.6662E-13
 25       23001        1304  2.5988E-05  8.6645E-13
 25       24001        1249  2.8849E-05  9.6235E-13
 25       25001        1199  3.6955E-05  1.2328E-12
 25       26001        1153  3.7909E-05  1.2645E-12
 25       27001        1111  3.0994E-05  1.0332E-12
 25       28001        1071  3.1948E-05  1.0653E-12
 25       29001        1034  3.0994E-05  1.0336E-12
