  1           1    30000000  6.2646E-02  2.0882E-09
  1        1001       29970  7.9670E-03  2.6557E-10
  1        2001       14992  1.2776E-02  4.2588E-10
  1        3001        9996  1.5580E-02  5.1937E-10
  1        4001        7498  1.5531E-02  5.1770E-10
  1        5001        5998  1.5100E-02  5.0340E-10
  1        6001        4999  1.5137E-02  5.0458E-10
  1        7001        4285  1.5171E-02  5.0571E-10
  1        8001        3749  1.5190E-02  5.0640E-10
  1        9001        3332  1.5205E-02  5.0698E-10
  1       10001        2999  1.5192E-02  5.0652E-10
  1       11001        2727  1.7363E-02  5.7877E-10
  1       12001        2499  2.2704E-02  7.5704E-10
  1       13001        2307  1.9943E-02  6.6491E-10
  1       14001        2142  2.2027E-02  7.3448E-10
  1       15001        1999  2.3286E-02  7.7654E-10
  1       16001        1874  2.6167E-02  8.7264E-10
  1       17001        1764  2.4429E-02  8.1457E-10
  1       18001        1666  2.6173E-02  8.7274E-10
  1       19001        1578  2.5810E-02  8.6080E-10
  1       20001        1499  2.6027E-02  8.6810E-10
  1       21001        1428  2.6315E-02  8.7748E-10
  1       22001        1363  2.5457E-02  8.4892E-10
  1       23001        1304  2.6803E-02  8.9363E-10
  1       24001        1249  2.6601E-02  8.8738E-10
  1       25001        1199  2.6758E-02  8.9264E-10
  1       26001        1153  2.6185E-02  8.7344E-10
  1       27001        1111  2.6640E-02  8.8805E-10
  1       28001        1071  2.6721E-02  8.9102E-10
  1       29001        1034  2.6713E-02  8.9081E-10
  2           1    30000000  6.0675E-02  2.0225E-09
  2        1001       29970  7.7569E-03  2.5857E-10
  2        2001       14992  1.2409E-02  4.1365E-10
  2        3001        9996  1.5211E-02  5.0706E-10
  2        4001        7498  1.5239E-02  5.0798E-10
  2        5001        5998  1.5138E-02  5.0467E-10
  2        6001        4999  1.5147E-02  5.0492E-10
  2        7001        4285  1.5114E-02  5.0381E-10
  2        8001        3749  2.1128E-02  7.0436E-10
  2        9001        3332  1.9602E-02  6.5359E-10
  2       10001        2999  1.7385E-02  5.7964E-10
  2       11001        2727  2.1549E-02  7.1831E-10
  2       12001        2499  2.0454E-02  6.8201E-10
  2       13001        2307  2.1255E-02  7.0866E-10
  2       14001        2142  2.6558E-02  8.8556E-10
  2       15001        1999  2.3672E-02  7.8941E-10
  2       16001        1874  2.3195E-02  7.7353E-10
  2       17001        1764  2.5518E-02  8.5089E-10
  2       18001        1666  2.5460E-02  8.4896E-10
  2       19001        1578  2.6987E-02  9.0006E-10
  2       20001        1499  2.7792E-02  9.2698E-10
  2       21001        1428  2.7118E-02  9.0425E-10
  2       22001        1363  2.7164E-02  9.0585E-10
  2       23001        1304  2.7174E-02  9.0600E-10
  2       24001        1249  2.7078E-02  9.0329E-10
  2       25001        1199  2.7103E-02  9.0415E-10
  2       26001        1153  2.7086E-02  9.0350E-10
  2       27001        1111  2.7144E-02  9.0486E-10
  2       28001        1071  2.7188E-02  9.0660E-10
  2       29001        1034  2.7120E-02  9.0439E-10
  3           1    30000000  6.2497E-02  2.0832E-09
  3        1001       29970  7.9610E-03  2.6537E-10
  3        2001       14992  1.2770E-02  4.2569E-10
  3        3001        9996  1.5581E-02  5.1941E-10
  3        4001        7498  1.2976E-02  4.3254E-10
  3        5001        5998  1.5572E-02  5.1914E-10
  3        6001        4999  1.5575E-02  5.1918E-10
  3        7001        4285  1.5574E-02  5.1914E-10
  3        8001        3749  2.0603E-02  6.8686E-10
  3        9001        3332  2.0347E-02  6.7843E-10
  3       10001        2999  1.7769E-02  5.9244E-10
  3       11001        2727  2.1447E-02  7.1490E-10
  3       12001        2499  2.0544E-02  6.8502E-10
  3       13001        2307  2.3045E-02  7.6834E-10
  3       14001        2142  2.2363E-02  7.4568E-10
  3       15001        1999  2.3776E-02  7.9287E-10
  3       16001        1874  2.3213E-02  7.7414E-10
  3       17001        1764  2.5505E-02  8.5046E-10
  3       18001        1666  2.5832E-02  8.6136E-10
  3       19001        1578  2.6694E-02  8.9029E-10
  3       20001        1499  2.7144E-02  9.0536E-10
  3       21001        1428  2.6541E-02  8.8501E-10
  3       22001        1363  2.6588E-02  8.8664E-10
  3       23001        1304  2.6649E-02  8.8850E-10
  3       24001        1249  2.6626E-02  8.8820E-10
  3       25001        1199  2.6449E-02  8.8233E-10
  3       26001        1153  2.6968E-02  8.9956E-10
  3       27001        1111  2.6593E-02  8.8649E-10
  3       28001        1071  2.6735E-02  8.9149E-10
  3       29001        1034  2.6594E-02  8.8685E-10
  4           1    30000000  6.0842E-02  2.0281E-09
  4        1001       29970  7.7240E-03  2.5747E-10
  4        2001       14992  1.2452E-02  4.1508E-10
  4        3001        9996  1.5111E-02  5.0373E-10
  4        4001        7498  1.5261E-02  5.0871E-10
  4        5001        5998  1.5150E-02  5.0506E-10
  4        6001        4999  1.2645E-02  4.2151E-10
  4        7001        4285  1.5227E-02  5.0758E-10
  4        8001        3749  2.1119E-02  7.0407E-10
  4        9001        3332  1.9693E-02  6.5662E-10
  4       10001        2999  1.7306E-02  5.7700E-10
  4       11001        2727  2.1755E-02  7.2517E-10
  4       12001        2499  2.0541E-02  6.8492E-10
  4       13001        2307  2.1401E-02  7.1352E-10
  4       14001        2142  2.6610E-02  8.8730E-10
  4       15001        1999  2.3770E-02  7.9267E-10
  4       16001        1874  2.3536E-02  7.8491E-10
  4       17001        1764  2.5601E-02  8.5366E-10
  4       18001        1666  2.5227E-02  8.4119E-10
  4       19001        1578  2.6637E-02  8.8839E-10
  4       20001        1499  2.6569E-02  8.8618E-10
  4       21001        1428  2.6723E-02  8.9109E-10
  4       22001        1363  2.7087E-02  9.0328E-10
  4       23001        1304  2.6787E-02  8.9310E-10
  4       24001        1249  2.6607E-02  8.8757E-10
  4       25001        1199  2.6634E-02  8.8850E-10
  4       26001        1153  2.6601E-02  8.8732E-10
  4       27001        1111  2.6570E-02  8.8572E-10
  4       28001        1071  2.6611E-02  8.8736E-10
  4       29001        1034  2.6744E-02  8.9186E-10
  5           1    30000000  6.0769E-02  2.0256E-09
  5        1001       29970  7.7219E-03  2.5740E-10
  5        2001       14992  1.2477E-02  4.1591E-10
  5        3001        9996  1.5123E-02  5.0414E-10
  5        4001        7498  1.5299E-02  5.0998E-10
  5        5001        5998  1.5198E-02  5.0667E-10
  5        6001        4999  1.5135E-02  5.0452E-10
  5        7001        4285  1.5462E-02  5.1541E-10
  5        8001        3749  2.0474E-02  6.8256E-10
  5        9001        3332  2.0117E-02  6.7076E-10
  5       10001        2999  1.7474E-02  5.8261E-10
  5       11001        2727  2.1638E-02  7.2127E-10
  5       12001        2499  2.0696E-02  6.9009E-10
  5       13001        2307  2.3150E-02  7.7184E-10
  5       14001        2142  2.2379E-02  7.4622E-10
  5       15001        1999  2.3652E-02  7.8874E-10
  5       16001        1874  2.3527E-02  7.8460E-10
  5       17001        1764  2.5775E-02  8.5946E-10
  5       18001        1666  2.5939E-02  8.6493E-10
  5       19001        1578  2.6745E-02  8.9198E-10
  5       20001        1499  2.6651E-02  8.8891E-10
  5       21001        1428  2.6597E-02  8.8688E-10
  5       22001        1363  2.6737E-02  8.9161E-10
  5       23001        1304  2.6780E-02  8.9286E-10
  5       24001        1249  2.6678E-02  8.8994E-10
  5       25001        1199  2.6738E-02  8.9198E-10
  5       26001        1153  2.6702E-02  8.9068E-10
  5       27001        1111  2.6680E-02  8.8939E-10
  5       28001        1071  2.6791E-02  8.9336E-10
  5       29001        1034  2.6662E-02  8.8912E-10
  6           1    30000000  6.1408E-02  2.0469E-09
  6        1001       29970  7.7701E-03  2.5900E-10
  6        2001       14992  1.2477E-02  4.1591E-10
  6        3001        9996  1.5203E-02  5.0680E-10
  6        4001        7498  1.2735E-02  4.2451E-10
  6        5001        5998  1.5407E-02  5.1364E-10
  6        6001        4999  1.5202E-02  5.0675E-10
  6        7001        4285  1.5260E-02  5.0868E-10
  6        8001        3749  2.1148E-02  7.0503E-10
  6        9001        3332  1.9685E-02  6.5636E-10
  6       10001        2999  1.7536E-02  5.8468E-10
  6       11001        2727  2.1880E-02  7.2934E-10
  6       12001        2499  2.0553E-02  6.8532E-10
  6       13001        2307  2.1266E-02  7.0902E-10
  6       14001        2142  2.6663E-02  8.8906E-10
  6       15001        1999  2.3762E-02  7.9241E-10
  6       16001        1874  2.3947E-02  7.9861E-10
  6       17001        1764  2.5570E-02  8.5263E-10
  6       18001        1666  2.5499E-02  8.5026E-10
  6       19001        1578  2.6804E-02  8.9396E-10
  6       20001        1499  2.6640E-02  8.8855E-10
  6       21001        1428  2.6676E-02  8.8951E-10
  6       22001        1363  2.6762E-02  8.9244E-10
  6       23001        1304  2.7417E-02  9.1411E-10
  6       24001        1249  2.7035E-02  9.0185E-10
  6       25001        1199  2.7050E-02  9.0238E-10
  6       26001        1153  2.7037E-02  9.0186E-10
  6       27001        1111  2.7070E-02  9.0239E-10
  6       28001        1071  2.7125E-02  9.0449E-10
  6       29001        1034  2.7061E-02  9.0242E-10
  7           1    30000000  6.2459E-02  2.0820E-09
  7        1001       29970  7.9629E-03  2.6543E-10
  7        2001       14992  1.2771E-02  4.2571E-10
  7        3001        9996  1.5587E-02  5.1960E-10
  7        4001        7498  1.5680E-02  5.2268E-10
  7        5001        5998  1.5583E-02  5.1950E-10
  7        6001        4999  1.5584E-02  5.1948E-10
  7        7001        4285  1.5593E-02  5.1977E-10
  7        8001        3749  2.0659E-02  6.8873E-10
  7        9001        3332  2.0383E-02  6.7963E-10
  7       10001        2999  1.7721E-02  5.9084E-10
  7       11001        2727  2.1814E-02  7.2714E-10
  7       12001        2499  2.1150E-02  7.0523E-10
  7       13001        2307  2.3713E-02  7.9061E-10
  7       14001        2142  2.1868E-02  7.2917E-10
  7       15001        1999  2.4046E-02  8.0188E-10
  7       16001        1874  2.3892E-02  7.9677E-10
  7       17001        1764  2.5953E-02  8.6540E-10
  7       18001        1666  2.6507E-02  8.8387E-10
  7       19001        1578  2.7103E-02  9.0393E-10
  7       20001        1499  2.7044E-02  9.0202E-10
  7       21001        1428  2.7050E-02  9.0199E-10
  7       22001        1363  2.7139E-02  9.0501E-10
  7       23001        1304  2.7078E-02  9.0280E-10
  7       24001        1249  2.7020E-02  9.0136E-10
  7       25001        1199  2.6972E-02  8.9978E-10
  7       26001        1153  2.7020E-02  9.0129E-10
  7       27001        1111  2.7003E-02  9.0016E-10
  7       28001        1071  2.7076E-02  9.0286E-10
  7       29001        1034  2.6971E-02  8.9943E-10
  8           1    30000000  6.2459E-02  2.0820E-09
  8        1001       29970  7.9608E-03  2.6536E-10
  8        2001       14992  1.2771E-02  4.2571E-10
  8        3001        9996  1.5596E-02  5.1990E-10
  8        4001        7498  1.5653E-02  5.2177E-10
  8        5001        5998  1.5568E-02  5.1900E-10
  8        6001        4999  1.5582E-02  5.1942E-10
  8        7001        4285  1.5582E-02  5.1942E-10
  8        8001        3749  2.1481E-02  7.1614E-10
  8        9001        3332  2.0068E-02  6.6912E-10
  8       10001        2999  1.7560E-02  5.8547E-10
  8       11001        2727  2.2824E-02  7.6081E-10
  8       12001        2499  2.0817E-02  6.9412E-10
  8       13001        2307  2.1591E-02  7.1986E-10
  8       14001        2142  2.6998E-02  9.0022E-10
  8       15001        1999  2.4104E-02  8.0382E-10
  8       16001        1874  2.4583E-02  8.1982E-10
  8       17001        1764  2.5982E-02  8.6636E-10
  8       18001        1666  2.5889E-02  8.6327E-10
  8       19001        1578  2.7054E-02  9.0230E-10
  8       20001        1499  2.6823E-02  8.9465E-10
  8       21001        1428  2.6628E-02  8.8791E-10
  8       22001        1363  2.6729E-02  8.9135E-10
  8       23001        1304  2.6758E-02  8.9214E-10
  8       24001        1249  2.6647E-02  8.8891E-10
  8       25001        1199  2.6652E-02  8.8910E-10
  8       26001        1153  2.6620E-02  8.8795E-10
  8       27001        1111  2.6651E-02  8.8843E-10
  8       28001        1071  2.6718E-02  8.9093E-10
  8       29001        1034  2.6659E-02  8.8902E-10
  9           1    30000000  6.1475E-02  2.0492E-09
  9        1001       29970  7.7870E-03  2.5957E-10
  9        2001       14992  1.2439E-02  4.1465E-10
  9        3001        9996  1.5188E-02  5.0630E-10
  9        4001        7498  1.2772E-02  4.2574E-10
  9        5001        5998  1.5505E-02  5.1690E-10
  9        6001        4999  1.3013E-02  4.3378E-10
  9        7001        4285  1.5603E-02  5.2011E-10
  9        8001        3749  2.0612E-02  6.8716E-10
  9        9001        3332  2.0376E-02  6.7940E-10
  9       10001        2999  1.6433E-02  5.4789E-10
  9       11001        2727  2.1912E-02  7.3041E-10
  9       12001        2499  2.1147E-02  7.0512E-10
  9       13001        2307  2.3472E-02  7.8257E-10
  9       14001        2142  2.2862E-02  7.6232E-10
  9       15001        1999  2.4158E-02  8.0562E-10
  9       16001        1874  2.2902E-02  7.6375E-10
  9       17001        1764  2.6020E-02  8.6763E-10
  9       18001        1666  2.6208E-02  8.7390E-10
  9       19001        1578  2.7097E-02  9.0373E-10
  9       20001        1499  2.7046E-02  9.0209E-10
  9       21001        1428  2.7038E-02  9.0159E-10
  9       22001        1363  2.7056E-02  9.0225E-10
  9       23001        1304  2.7942E-02  9.3161E-10
  9       24001        1249  2.7034E-02  9.0182E-10
  9       25001        1199  2.6997E-02  9.0061E-10
  9       26001        1153  2.6793E-02  8.9372E-10
  9       27001        1111  2.7034E-02  9.0118E-10
  9       28001        1071  2.7105E-02  9.0383E-10
  9       29001        1034  2.6997E-02  9.0029E-10
 10           1    30000000  6.2460E-02  2.0820E-09
 10        1001       29970  7.9601E-03  2.6534E-10
 10        2001       14992  1.2771E-02  4.2572E-10
 10        3001        9996  1.5594E-02  5.1983E-10
 10        4001        7498  1.5686E-02  5.2288E-10
 10        5001        5998  1.5567E-02  5.1897E-10
 10        6001        4999  1.5576E-02  5.1921E-10
 10        7001        4285  1.5609E-02  5.2031E-10
 10        8001        3749  2.1472E-02  7.1584E-10
 10        9001        3332  2.0082E-02  6.6959E-10
 10       10001        2999  1.7851E-02  5.9518E-10
 10       11001        2727  2.2110E-02  7.3701E-10
 10       12001        2499  1.9966E-02  6.6574E-10
 10       13001        2307  2.1727E-02  7.2440E-10
 10       14001        2142  2.7017E-02  9.0087E-10
 10       15001        1999  2.4117E-02  8.0425E-10
 10       16001        1874  2.3777E-02  7.9294E-10
 10       17001        1764  2.5977E-02  8.6619E-10
 10       18001        1666  2.5979E-02  8.6627E-10
 10       19001        1578  2.7128E-02  9.0476E-10
 10       20001        1499  2.7043E-02  9.0199E-10
 10       21001        1428  2.7088E-02  9.0325E-10
 10       22001        1363  2.7149E-02  9.0535E-10
 10       23001        1304  2.7139E-02  9.0483E-10
 10       24001        1249  2.6750E-02  8.9234E-10
 10       25001        1199  2.7013E-02  9.0115E-10
 10       26001        1153  2.7273E-02  9.0973E-10
 10       27001        1111  2.6919E-02  8.9736E-10
 10       28001        1071  2.6848E-02  8.9526E-10
 10       29001        1034  2.6718E-02  8.9098E-10
 11           1    30000000  6.0986E-02  2.0329E-09
 11        1001       29970  7.7641E-03  2.5880E-10
 11        2001       14992  1.2479E-02  4.1597E-10
 11        3001        9996  1.5194E-02  5.0650E-10
 11        4001        7498  1.5443E-02  5.1478E-10
 11        5001        5998  1.5392E-02  5.1314E-10
 11        6001        4999  1.5192E-02  5.0642E-10
 11        7001        4285  1.5178E-02  5.0595E-10
 11        8001        3749  2.0205E-02  6.7360E-10
 11        9001        3332  2.0058E-02  6.6879E-10
 11       10001        2999  1.7472E-02  5.8254E-10
 11       11001        2727  2.1732E-02  7.2440E-10
 11       12001        2499  2.0766E-02  6.9242E-10
 11       13001        2307  2.3205E-02  7.7367E-10
 11       14001        2142  2.2474E-02  7.4938E-10
 11       15001        1999  2.4030E-02  8.0135E-10
 11       16001        1874  2.3316E-02  7.7757E-10
 11       17001        1764  2.5514E-02  8.5075E-10
 11       18001        1666  2.6316E-02  8.7750E-10
 11       19001        1578  2.6774E-02  8.9295E-10
 11       20001        1499  2.6763E-02  8.9265E-10
 11       21001        1428  2.6764E-02  8.9245E-10
 11       22001        1363  2.6946E-02  8.9857E-10
 11       23001        1304  2.6822E-02  8.9427E-10
 11       24001        1249  2.6662E-02  8.8940E-10
 11       25001        1199  2.6779E-02  8.9334E-10
 11       26001        1153  2.6724E-02  8.9141E-10
 11       27001        1111  2.6714E-02  8.9053E-10
 11       28001        1071  2.6712E-02  8.9072E-10
 11       29001        1034  2.6698E-02  8.9031E-10
 12           1    30000000  6.0874E-02  2.0291E-09
 12        1001       29970  7.7591E-03  2.5864E-10
 12        2001       14992  1.2510E-02  4.1702E-10
 12        3001        9996  1.5283E-02  5.0947E-10
 12        4001        7498  1.2655E-02  4.2184E-10
 12        5001        5998  1.5199E-02  5.0670E-10
 12        6001        4999  1.5274E-02  5.0915E-10
 12        7001        4285  1.5256E-02  5.0855E-10
 12        8001        3749  2.1145E-02  7.0493E-10
 12        9001        3332  1.9842E-02  6.6159E-10
 12       10001        2999  1.7480E-02  5.8280E-10
 12       11001        2727  2.1636E-02  7.2121E-10
 12       12001        2499  2.0599E-02  6.8685E-10
 12       13001        2307  2.1291E-02  7.0986E-10
 12       14001        2142  2.6745E-02  8.9180E-10
 12       15001        1999  2.3743E-02  7.9178E-10
 12       16001        1874  2.3745E-02  7.9187E-10
 12       17001        1764  2.5641E-02  8.5500E-10
 12       18001        1666  2.5471E-02  8.4932E-10
 12       19001        1578  2.6767E-02  8.9272E-10
 12       20001        1499  2.6677E-02  8.8978E-10
 12       21001        1428  2.6721E-02  8.9101E-10
 12       22001        1363  2.6654E-02  8.8884E-10
 12       23001        1304  2.6727E-02  8.9110E-10
 12       24001        1249  2.6630E-02  8.8834E-10
 12       25001        1199  2.6618E-02  8.8797E-10
 12       26001        1153  2.6622E-02  8.8802E-10
 12       27001        1111  2.6602E-02  8.8679E-10
 12       28001        1071  2.6715E-02  8.9083E-10
 12       29001        1034  2.7705E-02  9.2390E-10
 13           1    30000000  6.3100E-02  2.1033E-09
 13        1001       29970  7.7569E-03  2.5857E-10
 13        2001       14992  1.2442E-02  4.1474E-10
 13        3001        9996  1.5220E-02  5.0736E-10
 13        4001        7498  1.5235E-02  5.0784E-10
 13        5001        5998  1.5126E-02  5.0427E-10
 13        6001        4999  1.5190E-02  5.0635E-10
 13        7001        4285  1.5211E-02  5.0705E-10
 13        8001        3749  2.0283E-02  6.7620E-10
 13        9001        3332  2.0247E-02  6.7509E-10
 13       10001        2999  1.7698E-02  5.9007E-10
 13       11001        2727  2.1524E-02  7.1747E-10
 13       12001        2499  2.0883E-02  6.9632E-10
 13       13001        2307  2.3305E-02  7.7700E-10
 13       14001        2142  2.2374E-02  7.4605E-10
 13       15001        1999  2.3691E-02  7.9004E-10
 13       16001        1874  2.3523E-02  7.8447E-10
 13       17001        1764  2.5664E-02  8.5576E-10
 13       18001        1666  2.6152E-02  8.7203E-10
 13       19001        1578  2.6709E-02  8.9079E-10
 13       20001        1499  2.6713E-02  8.9098E-10
 13       21001        1428  2.6618E-02  8.8758E-10
 13       22001        1363  2.6845E-02  8.9521E-10
 13       23001        1304  2.6773E-02  8.9263E-10
 13       24001        1249  2.6665E-02  8.8951E-10
 13       25001        1199  2.6602E-02  8.8744E-10
 13       26001        1153  2.6670E-02  8.8962E-10
 13       27001        1111  2.6747E-02  8.9162E-10
 13       28001        1071  2.6671E-02  8.8936E-10
 13       29001        1034  2.6719E-02  8.9102E-10
 14           1    30000000  6.1716E-02  2.0572E-09
 14        1001       29970  7.8230E-03  2.6077E-10
 14        2001       14992  1.2600E-02  4.2001E-10
 14        3001        9996  1.5249E-02  5.0833E-10
 14        4001        7498  1.5350E-02  5.1168E-10
 14        5001        5998  1.5204E-02  5.0687E-10
 14        6001        4999  1.2701E-02  4.2337E-10
 14        7001        4285  1.5149E-02  5.0497E-10
 14        8001        3749  2.1098E-02  7.0336E-10
 14        9001        3332  1.9738E-02  6.5812E-10
 14       10001        2999  1.7493E-02  5.8324E-10
 14       11001        2727  2.1870E-02  7.2901E-10
 14       12001        2499  2.0781E-02  6.9292E-10
 14       13001        2307  2.1260E-02  7.0883E-10
 14       14001        2142  2.6626E-02  8.8783E-10
 14       15001        1999  2.4015E-02  8.0085E-10
 14       16001        1874  2.4130E-02  8.0472E-10
 14       17001        1764  2.5663E-02  8.5572E-10
 14       18001        1666  2.5595E-02  8.5347E-10
 14       19001        1578  2.6705E-02  8.9066E-10
 14       20001        1499  2.6576E-02  8.8641E-10
 14       21001        1428  2.6665E-02  8.8915E-10
 14       22001        1363  2.6737E-02  8.9161E-10
 14       23001        1304  2.6986E-02  8.9973E-10
 14       24001        1249  2.6695E-02  8.9051E-10
 14       25001        1199  2.6585E-02  8.8687E-10
 14       26001        1153  2.6650E-02  8.8895E-10
 14       27001        1111  2.6637E-02  8.8796E-10
 14       28001        1071  2.6785E-02  8.9316E-10
 14       29001        1034  2.6686E-02  8.8992E-10
 15           1    30000000  6.0973E-02  2.0324E-09
 15        1001       29970  7.7660E-03  2.5887E-10
 15        2001       14992  1.2452E-02  4.1508E-10
 15        3001        9996  1.5216E-02  5.0724E-10
 15        4001        7498  1.2743E-02  4.2477E-10
 15        5001        5998  1.5110E-02  5.0373E-10
 15        6001        4999  1.5213E-02  5.0712E-10
 15        7001        4285  1.5180E-02  5.0601E-10
 15        8001        3749  2.0180E-02  6.7276E-10
 15        9001        3332  2.0083E-02  6.6963E-10
 15       10001        2999  1.7312E-02  5.7720E-10
 15       11001        2727  2.1621E-02  7.2071E-10
 15       12001        2499  2.0863E-02  6.9566E-10
 15       13001        2307  2.3040E-02  7.6817E-10
 15       14001        2142  2.2555E-02  7.5208E-10
 15       15001        1999  2.4072E-02  8.0275E-10
 15       16001        1874  2.4004E-02  8.0052E-10
 15       17001        1764  2.5930E-02  8.6463E-10
 15       18001        1666  2.6130E-02  8.7130E-10
 15       19001        1578  2.7059E-02  9.0246E-10
 15       20001        1499  2.6647E-02  8.8878E-10
 15       21001        1428  2.6633E-02  8.8808E-10
 15       22001        1363  2.6779E-02  8.9302E-10
 15       23001        1304  2.6998E-02  9.0014E-10
 15       24001        1249  2.6649E-02  8.8897E-10
 15       25001        1199  2.6644E-02  8.8884E-10
 15       26001        1153  2.6727E-02  8.9152E-10
 15       27001        1111  2.6647E-02  8.8829E-10
 15       28001        1071  2.6739E-02  8.9163E-10
 15       29001        1034  2.6687E-02  8.8995E-10
 16           1    30000000  6.0835E-02  2.0278E-09
 16        1001       29970  7.7529E-03  2.5843E-10
 16        2001       14992  1.2477E-02  4.1591E-10
 16        3001        9996  1.5256E-02  5.0856E-10
 16        4001        7498  1.5321E-02  5.1071E-10
 16        5001        5998  1.5205E-02  5.0690E-10
 16        6001        4999  1.5143E-02  5.0478E-10
 16        7001        4285  1.5176E-02  5.0587E-10
 16        8001        3749  2.1140E-02  7.0476E-10
 16        9001        3332  1.9733E-02  6.5796E-10
 16       10001        2999  1.7256E-02  5.7533E-10
 16       11001        2727  2.1787E-02  7.2624E-10
 16       12001        2499  2.0506E-02  6.8375E-10
 16       13001        2307  2.1401E-02  7.1353E-10
 16       14001        2142  2.6705E-02  8.9046E-10
 16       15001        1999  2.3728E-02  7.9127E-10
 16       16001        1874  2.4247E-02  8.0861E-10
 16       17001        1764  2.5634E-02  8.5476E-10
 16       18001        1666  2.5575E-02  8.5280E-10
 16       19001        1578  2.6665E-02  8.8932E-10
 16       20001        1499  2.6691E-02  8.9026E-10
 16       21001        1428  2.6684E-02  8.8978E-10
 16       22001        1363  2.6691E-02  8.9007E-10
 16       23001        1304  2.6668E-02  8.8913E-10
 16       24001        1249  2.6582E-02  8.8674E-10
 16       25001        1199  2.6625E-02  8.8821E-10
 16       26001        1153  2.6533E-02  8.8504E-10
 16       27001        1111  2.7571E-02  9.1909E-10
 16       28001        1071  2.7060E-02  9.0233E-10
 16       29001        1034  2.7001E-02  9.0042E-10
 17           1    30000000  6.2475E-02  2.0825E-09
 17        1001       29970  7.9670E-03  2.6557E-10
 17        2001       14992  1.2768E-02  4.2562E-10
 17        3001        9996  1.5582E-02  5.1944E-10
 17        4001        7498  1.5662E-02  5.2207E-10
 17        5001        5998  1.5571E-02  5.1911E-10
 17        6001        4999  1.5570E-02  5.1901E-10
 17        7001        4285  1.5578E-02  5.1927E-10
 17        8001        3749  2.0593E-02  6.8654E-10
 17        9001        3332  2.0389E-02  6.7983E-10
 17       10001        2999  1.7619E-02  5.8743E-10
 17       11001        2727  2.1767E-02  7.2557E-10
 17       12001        2499  2.1280E-02  7.0956E-10
 17       13001        2307  2.3546E-02  7.8505E-10
 17       14001        2142  2.2764E-02  7.5905E-10
 17       15001        1999  2.4011E-02  8.0071E-10
 17       16001        1874  2.3536E-02  7.8490E-10
 17       17001        1764  2.5965E-02  8.6579E-10
 17       18001        1666  2.5821E-02  8.6100E-10
 17       19001        1578  2.6996E-02  9.0036E-10
 17       20001        1499  2.6263E-02  8.7597E-10
 17       21001        1428  2.6871E-02  8.9601E-10
 17       22001        1363  2.6824E-02  8.9451E-10
 17       23001        1304  2.7431E-02  9.1457E-10
 17       24001        1249  2.6688E-02  8.9028E-10
 17       25001        1199  2.6831E-02  8.9507E-10
 17       26001        1153  2.6971E-02  8.9966E-10
 17       27001        1111  2.6964E-02  8.9885E-10
 17       28001        1071  2.7397E-02  9.1356E-10
 17       29001        1034  2.6834E-02  8.9485E-10
 18           1    30000000  6.0908E-02  2.0303E-09
 18        1001       29970  7.6921E-03  2.5640E-10
 18        2001       14992  1.2441E-02  4.1471E-10
 18        3001        9996  1.5138E-02  5.0464E-10
 18        4001        7498  1.2607E-02  4.2024E-10
 18        5001        5998  1.5085E-02  5.0290E-10
 18        6001        4999  1.5154E-02  5.0515E-10
 18        7001        4285  1.5255E-02  5.0852E-10
 18        8001        3749  2.1350E-02  7.1176E-10
 18        9001        3332  1.9731E-02  6.5788E-10
 18       10001        2999  1.5420E-02  5.1413E-10
 18       11001        2727  2.1646E-02  7.2154E-10
 18       12001        2499  2.0508E-02  6.8382E-10
 18       13001        2307  2.1190E-02  7.0649E-10
 18       14001        2142  2.6613E-02  8.8739E-10
 18       15001        1999  2.3663E-02  7.8911E-10
 18       16001        1874  2.3493E-02  7.8346E-10
 18       17001        1764  2.5542E-02  8.5168E-10
 18       18001        1666  2.5456E-02  8.4882E-10
 18       19001        1578  2.6785E-02  8.9333E-10
 18       20001        1499  2.6864E-02  8.9601E-10
 18       21001        1428  2.6689E-02  8.8995E-10
 18       22001        1363  2.6699E-02  8.9034E-10
 18       23001        1304  2.6780E-02  8.9286E-10
 18       24001        1249  2.6635E-02  8.8850E-10
 18       25001        1199  2.6687E-02  8.9027E-10
 18       26001        1153  2.6695E-02  8.9045E-10
 18       27001        1111  2.6672E-02  8.8913E-10
 18       28001        1071  2.6987E-02  8.9990E-10
 18       29001        1034  2.6777E-02  8.9295E-10
 19           1    30000000  6.0888E-02  2.0296E-09
 19        1001       29970  7.7569E-03  2.5857E-10
 19        2001       14992  1.2449E-02  4.1498E-10
 19        3001        9996  1.5282E-02  5.0944E-10
 19        4001        7498  1.5232E-02  5.0774E-10
 19        5001        5998  1.5174E-02  5.0586E-10
 19        6001        4999  1.2700E-02  4.2335E-10
 19        7001        4285  1.5209E-02  5.0698E-10
 19        8001        3749  2.0291E-02  6.7647E-10
 19        9001        3332  1.9994E-02  6.6666E-10
 19       10001        2999  1.7461E-02  5.8217E-10
 19       11001        2727  2.1536E-02  7.1788E-10
 19       12001        2499  2.0909E-02  6.9719E-10
 19       13001        2307  2.3322E-02  7.7757E-10
 19       14001        2142  2.2295E-02  7.4341E-10
 19       15001        1999  2.3675E-02  7.8951E-10
 19       16001        1874  2.3377E-02  7.7960E-10
 19       17001        1764  2.5621E-02  8.5432E-10
 19       18001        1666  2.6031E-02  8.6800E-10
 19       19001        1578  2.6695E-02  8.9032E-10
 19       20001        1499  2.6724E-02  8.9135E-10
 19       21001        1428  2.6735E-02  8.9148E-10
 19       22001        1363  2.6793E-02  8.9348E-10
 19       23001        1304  2.6763E-02  8.9230E-10
 19       24001        1249  2.6712E-02  8.9107E-10
 19       25001        1199  2.6943E-02  8.9881E-10
 19       26001        1153  2.6704E-02  8.9075E-10
 19       27001        1111  2.6687E-02  8.8962E-10
 19       28001        1071  2.6835E-02  8.9482E-10
 19       29001        1034  2.6668E-02  8.8931E-10
 20           1    30000000  6.0948E-02  2.0316E-09
 20        1001       29970  7.8211E-03  2.6070E-10
 20        2001       14992  1.2372E-02  4.1241E-10
 20        3001        9996  1.5263E-02  5.0880E-10
 20        4001        7498  1.5315E-02  5.1051E-10
 20        5001        5998  1.5089E-02  5.0303E-10
 20        6001        4999  1.5216E-02  5.0722E-10
 20        7001        4285  1.5302E-02  5.1008E-10
 20        8001        3749  2.1068E-02  7.0236E-10
 20        9001        3332  1.9729E-02  6.5782E-10
 20       10001        2999  1.7432E-02  5.8120E-10
 20       11001        2727  2.1709E-02  7.2364E-10
 20       12001        2499  2.0551E-02  6.8525E-10
 20       13001        2307  2.1407E-02  7.1372E-10
 20       14001        2142  2.6390E-02  8.7995E-10
 20       15001        1999  2.3810E-02  7.9401E-10
 20       16001        1874  2.3829E-02  7.9467E-10
 20       17001        1764  2.5611E-02  8.5400E-10
 20       18001        1666  2.5873E-02  8.6273E-10
 20       19001        1578  2.7198E-02  9.0710E-10
 20       20001        1499  2.7156E-02  9.0576E-10
 20       21001        1428  2.7121E-02  9.0435E-10
 20       22001        1363  2.7195E-02  9.0688E-10
 20       23001        1304  2.7176E-02  9.0607E-10
 20       24001        1249  2.6999E-02  9.0065E-10
 20       25001        1199  2.6727E-02  8.9161E-10
 20       26001        1153  2.6725E-02  8.9145E-10
 20       27001        1111  2.6777E-02  8.9262E-10
 20       28001        1071  2.7367E-02  9.1257E-10
 20       29001        1034  2.7193E-02  9.0682E-10
 21           1    30000000  6.1982E-02  2.0661E-09
 21        1001       29970  7.8349E-03  2.6116E-10
 21        2001       14992  1.2667E-02  4.2225E-10
 21        3001        9996  1.5423E-02  5.1413E-10
 21        4001        7498  1.2864E-02  4.2881E-10
 21        5001        5998  1.5398E-02  5.1334E-10
 21        6001        4999  1.5430E-02  5.1435E-10
 21        7001        4285  1.5578E-02  5.1928E-10
 21        8001        3749  2.0612E-02  6.8716E-10
 21        9001        3332  2.0210E-02  6.7386E-10
 21       10001        2999  1.7609E-02  5.8710E-10
 21       11001        2727  2.2036E-02  7.3453E-10
 21       12001        2499  2.0243E-02  6.7499E-10
 21       13001        2307  2.3473E-02  7.8261E-10
 21       14001        2142  2.2736E-02  7.5812E-10
 21       15001        1999  2.3901E-02  7.9704E-10
 21       16001        1874  2.3748E-02  7.9197E-10
 21       17001        1764  2.5814E-02  8.6076E-10
 21       18001        1666  2.6081E-02  8.6966E-10
 21       19001        1578  2.7083E-02  9.0326E-10
 21       20001        1499  2.6944E-02  8.9868E-10
 21       21001        1428  2.6930E-02  8.9799E-10
 21       22001        1363  2.6841E-02  8.9507E-10
 21       23001        1304  2.6998E-02  9.0014E-10
 21       24001        1249  2.7004E-02  9.0082E-10
 21       25001        1199  2.7035E-02  9.0188E-10
 21       26001        1153  2.6956E-02  8.9915E-10
 21       27001        1111  2.7029E-02  9.0102E-10
 21       28001        1071  2.7023E-02  9.0109E-10
 21       29001        1034  2.6979E-02  8.9969E-10
 22           1    30000000  6.1708E-02  2.0569E-09
 22        1001       29970  7.8781E-03  2.6260E-10
 22        2001       14992  1.2699E-02  4.2331E-10
 22        3001        9996  1.5362E-02  5.1210E-10
 22        4001        7498  1.5566E-02  5.1888E-10
 22        5001        5998  1.5391E-02  5.1310E-10
 22        6001        4999  1.5401E-02  5.1338E-10
 22        7001        4285  1.5596E-02  5.1988E-10
 22        8001        3749  2.1506E-02  7.1697E-10
 22        9001        3332  2.0115E-02  6.7070E-10
 22       10001        2999  1.7657E-02  5.8871E-10
 22       11001        2727  2.1890E-02  7.2968E-10
 22       12001        2499  2.0825E-02  6.9438E-10
 22       13001        2307  2.1608E-02  7.2043E-10
 22       14001        2142  2.7154E-02  9.0543E-10
 22       15001        1999  2.3889E-02  7.9664E-10
 22       16001        1874  2.3693E-02  7.9014E-10
 22       17001        1764  2.5579E-02  8.5292E-10
 22       18001        1666  2.5490E-02  8.4996E-10
 22       19001        1578  2.6808E-02  8.9409E-10
 22       20001        1499  2.7780E-02  9.2657E-10
 22       21001        1428  2.7052E-02  9.0205E-10
 22       22001        1363  2.7110E-02  9.0404E-10
 22       23001        1304  2.7121E-02  9.0424E-10
 22       24001        1249  2.6980E-02  9.0002E-10
 22       25001        1199  2.7002E-02  9.0078E-10
 22       26001        1153  2.6996E-02  9.0049E-10
 22       27001        1111  2.7029E-02  9.0102E-10
 22       28001        1071  2.7082E-02  9.0306E-10
 22       29001        1034  2.7042E-02  9.0179E-10
 23           1    30000000  6.2477E-02  2.0826E-09
 23        1001       29970  7.9608E-03  2.6536E-10
 23        2001       14992  1.2769E-02  4.2565E-10
 23        3001        9996  1.5579E-02  5.1933E-10
 23        4001        7498  1.5659E-02  5.2197E-10
 23        5001        5998  1.5572E-02  5.1914E-10
 23        6001        4999  1.5570E-02  5.1901E-10
 23        7001        4285  1.5582E-02  5.1941E-10
 23        8001        3749  2.0623E-02  6.8753E-10
 23        9001        3332  2.0373E-02  6.7930E-10
 23       10001        2999  1.7743E-02  5.9158E-10
 23       11001        2727  2.1872E-02  7.2907E-10
 23       12001        2499  2.1037E-02  7.0146E-10
 23       13001        2307  2.3578E-02  7.8611E-10
 23       14001        2142  2.2803E-02  7.6035E-10
 23       15001        1999  2.4040E-02  8.0168E-10
 23       16001        1874  2.3952E-02  7.9878E-10
 23       17001        1764  2.5964E-02  8.6575E-10
 23       18001        1666  2.6214E-02  8.7410E-10
 23       19001        1578  2.7091E-02  9.0352E-10
 23       20001        1499  2.7031E-02  9.0159E-10
 23       21001        1428  2.7014E-02  9.0078E-10
 23       22001        1363  2.7286E-02  9.0991E-10
 23       23001        1304  2.7493E-02  9.1664E-10
 23       24001        1249  2.7194E-02  9.0716E-10
 23       25001        1199  2.6937E-02  8.9861E-10
 23       26001        1153  2.6700E-02  8.9062E-10
 23       27001        1111  2.6614E-02  8.8719E-10
 23       28001        1071  2.6723E-02  8.9109E-10
 23       29001        1034  2.6688E-02  8.8999E-10
 24           1    30000000  6.2254E-02  2.0751E-09
 24        1001       29970  7.9651E-03  2.6550E-10
 24        2001       14992  1.2772E-02  4.2574E-10
 24        3001        9996  1.5603E-02  5.2014E-10
 24        4001        7498  1.2972E-02  4.3241E-10
 24        5001        5998  1.5576E-02  5.1927E-10
 24        6001        4999  1.3005E-02  4.3352E-10
 24        7001        4285  1.5657E-02  5.2191E-10
 24        8001        3749  2.1514E-02  7.1723E-10
 24        9001        3332  2.0098E-02  6.7013E-10
 24       10001        2999  1.7654E-02  5.8860E-10
 24       11001        2727  2.2084E-02  7.3614E-10
 24       12001        2499  2.0864E-02  6.9569E-10
 24       13001        2307  2.1651E-02  7.2186E-10
 24       14001        2142  2.7057E-02  9.0219E-10
 24       15001        1999  2.4113E-02  8.0411E-10
 24       16001        1874  2.3542E-02  7.8510E-10
 24       17001        1764  2.6019E-02  8.6760E-10
 24       18001        1666  2.5974E-02  8.6610E-10
 24       19001        1578  2.7080E-02  9.0316E-10
 24       20001        1499  2.7010E-02  9.0089E-10
 24       21001        1428  2.7070E-02  9.0265E-10
 24       22001        1363  2.7038E-02  9.0165E-10
 24       23001        1304  2.7102E-02  9.0360E-10
 24       24001        1249  2.7001E-02  9.0072E-10
 24       25001        1199  2.7013E-02  9.0115E-10
 24       26001        1153  2.7014E-02  9.0109E-10
 24       27001        1111  2.7050E-02  9.0172E-10
 24       28001        1071  2.7108E-02  9.0394E-10
 24       29001        1034  2.7033E-02  9.0149E-10
